index,token,no_at_fault_collisions,drivable_area_compliance,driving_direction_compliance,traffic_light_compliance,ego_progress,time_to_collision_within_bound,lane_keeping,history_comfort,pdm_score,valid,log_name,frame_type,start_time,endpoint_x,endpoint_y,start_point_x,start_point_y,two_frame_extended_comfort,weight,score
0,063dc3e59f7158d9,1.0,1.0,1.0,1.0,0.40999591944195873,1.0,1.0,1.0,0.7892842569435566,True,2021.09.29.19.02.14_veh-28_00540_00917,0,1632942926.299748,331477.1820525147,4690890.245258213,331474.66346283065,4690891.899743911,1.0,1.0,0.8156237248256121
1,8a492ff6a81054a7,1.0,1.0,0.5,1.0,1.0,1.0,0.0,1.0,0.42857142857142855,True,2021.08.30.14.54.34_veh-40_00439_00835,0,1630336062.5004709,331738.14737869665,4690922.55929602,331737.7878927655,4690938.2084669955,0.0,1.0,0.375
2,20cc0fdb7e2d5c3f,1.0,1.0,1.0,1.0,0.9229985383155198,1.0,1.0,1.0,0.9724994779698284,True,2021.10.06.07.26.10_veh-52_01245_02064,0,1633507076.700322,365181.0913498504,143550.52914213558,365169.131872579,143522.5144366883,1.0,1.0,0.9759370432235999
3,0e5653822a7a56b3,1.0,0.0,1.0,1.0,1.0,1.0,1.0,1.0,0.0,True,2021.06.28.16.29.11_veh-38_03263_03766,0,1624901425.2998528,664420.2076725421,3997337.1924923486,664425.5530745089,3997353.9553459347,1.0,1.0,0.0
4,df72dca23ca45733,1.0,1.0,1.0,1.0,1.0,1.0,1.0,1.0,0.0,True,2021.09.29.14.44.26_veh-28_01202_01296,0,1632927922.7998068,331508.31312153174,4690825.344198138,331505.70411737,4690821.09707357,1.0,1.0,1.0
5,9d9762d42ff5561d,1.0,0.0,1.0,1.0,1.0,1.0,1.0,1.0,0.0,True,2021.09.29.14.44.26_veh-28_00337_00504,0,1632927205.799903,331059.69355809403,4690746.504428488,331068.2543906181,4690727.058303424,1.0,1.0,0.0
6,8486dcafaee75d76,0.0,1.0,1.0,1.0,1.0,0.0,1.0,1.0,0.0,True,2021.06.03.17.06.58_veh-35_02571_02742,0,1622757068.301383,664429.8851042852,3998368.28278049,664429.3346854354,3998403.8723896085,1.0,1.0,0.0
7,48fecfd582935aac,1.0,1.0,1.0,1.0,0.8064552422609806,1.0,1.0,1.0,0.9308768722360645,True,2021.05.25.14.26.37_veh-27_04122_04279,0,1621971538.899724,664461.0295204103,3997783.5376089998,664461.2711821597,3997774.142845645,1.0,1.0,0.9395172632065565
8,bb4f37403cea5b0e,1.0,1.0,1.0,1.0,0.7529100358163471,1.0,1.0,1.0,0.911753584220124,True,2021.10.06.08.16.17_veh-52_01949_02501,0,1633510500.199887,365565.6660986837,143111.1730299412,365577.1597310658,143083.0481029973,1.0,1.0,0.9227843861926085
9,56c64f7e47b15e0d,1.0,1.0,1.0,1.0,0.5198345444780137,1.0,1.0,1.0,0.8285123373135763,True,2021.09.29.19.02.14_veh-28_00540_00917,0,1632942926.79963,331478.8889525851,4690889.139217567,331475.05305844493,4690891.639743951,1.0,1.0,0.8499482951493793
10,e1d83d0f913a5263,1.0,0.0,1.0,1.0,1.0,1.0,1.0,1.0,0.0,True,2021.06.28.16.29.11_veh-38_03263_03766,0,1624901424.800102,664422.4533345411,3997340.525717134,664425.545670123,3997356.018734889,1.0,1.0,0.0
11,5d12ad55fdd858e1,1.0,0.0,1.0,1.0,0.8468266527670664,1.0,1.0,1.0,0.0,True,2021.09.29.19.02.14_veh-28_02451_02708,0,1632944715.79965,330938.31379109796,4690147.87471089,330917.3618505232,4690111.1729021175,1.0,1.0,0.0
12,f41cf739059453a4,1.0,1.0,1.0,1.0,0.6214220295320189,1.0,1.0,1.0,0.7219364391185782,True,2021.10.06.07.26.10_veh-52_00006_00398,0,1633505267.700203,364956.9706365627,143502.61813944072,364964.219981967,143512.05776552777,1.0,1.0,0.8816943842287559
13,a2047f9cb3865b75,1.0,1.0,1.0,1.0,0.2706517308649671,1.0,1.0,1.0,0.7395184753089169,True,2021.09.16.16.20.27_veh-08_02435_02525,0,1631811844.199559,587476.0313665736,4475624.42510449,587477.5176684482,4475628.503579338,1.0,1.0,0.7720786658953023
14,9191f3f8644d50cb,1.0,1.0,1.0,1.0,1.0,1.0,1.0,1.0,0.32142857142857145,True,2021.08.30.13.45.25_veh-40_00878_01104,0,1630332136.500203,331755.0966450555,4690712.35744063,331772.98005190893,4690701.582464354,1.0,1.0,1.0
15,afbf82af256b5711,1.0,1.0,1.0,1.0,1.0,1.0,1.0,1.0,1.0,True,2021.09.16.15.12.03_veh-42_01037_01434,0,1631806389.500851,587578.795052471,4475577.7790890485,587574.0469259911,4475579.548999807,1.0,1.0,1.0
16,515fefed28a65a88,1.0,1.0,1.0,1.0,0.8114100092071063,1.0,1.0,1.0,0.9326464318596808,True,2021.10.06.07.26.10_veh-52_02208_02394,0,1633507570.199831,365129.22429053613,144093.7356947825,365144.6832912564,144086.09527120864,1.0,1.0,0.9410656278772207
17,5379d354b9b95048,1.0,1.0,1.0,1.0,0.7500895339268353,1.0,1.0,1.0,0.9107462621167269,True,2021.09.29.18.19.40_veh-28_01268_01685,0,1632941220.0997999,331376.3589226455,4690952.329089215,331349.013325195,4690969.944449896,1.0,1.0,0.921902979352136
18,5521dd071ee95c1a,1.0,1.0,1.0,1.0,0.9142392295141377,1.0,1.0,1.0,0.9693711533979064,True,2021.10.06.07.26.10_veh-52_01245_02064,0,1633507076.1999989,365179.1459087366,143546.9127154554,365168.0898899517,143519.54881706674,1.0,1.0,0.973199759223168
19,83e895f722575452,1.0,0.0,1.0,1.0,0.41830053641570947,1.0,1.0,1.0,0.0,True,2021.09.16.14.39.34_veh-42_00032_00186,0,1631803354.699749,589343.550897112,4473897.029299576,589342.104231227,4473906.529382766,0.0,1.0,0.0
20,58d40da0cce05d8c,1.0,1.0,1.0,1.0,1.0,1.0,1.0,1.0,0.0,True,2021.09.29.14.44.26_veh-28_01202_01296,0,1632927923.2997859,331508.8584987655,4690826.206432581,331505.8847774769,4690821.379749691,1.0,1.0,1.0
21,dac84d4f931e54ab,0.0,1.0,1.0,1.0,0.8013235995908924,0.0,1.0,1.0,0.0,True,2021.06.28.20.24.43_veh-38_03385_04952,0,1624915999.099423,664859.082808154,3999607.82764893,664842.9071930039,3999580.3431939012,0.0,1.0,0.0
22,bb5b44d240945ed0,0.0,1.0,1.0,1.0,1.0,0.0,1.0,1.0,0.0,True,2021.09.16.14.39.34_veh-42_01111_01448,0,1631804384.6999068,587573.6154817663,4475693.802481131,587602.6380366693,4475683.5621037185,0.0,1.0,0.0
23,8d90099a801d5682,1.0,0.0,1.0,1.0,1.0,1.0,1.0,1.0,0.0,True,2021.06.03.12.02.06_veh-35_00233_00609,0,1622736823.501428,664208.6704585447,3997424.1220111665,664224.7330270178,3997414.1678408463,1.0,1.0,0.0
24,a59bd481d324594a,1.0,0.0,1.0,1.0,0.8215884028717911,1.0,1.0,1.0,0.0,True,2021.10.06.07.26.10_veh-52_00422_00728,0,1633505921.199548,365407.0650352664,144308.72940151155,365385.07888146845,144319.54308150365,1.0,1.0,0.0
25,082ea12d7b2355cb,1.0,0.0,1.0,1.0,1.0,1.0,1.0,1.0,0.0,True,2021.06.03.12.02.06_veh-35_00233_00609,0,1622736824.000944,664206.4075489533,3997425.432921968,664223.1415014409,3997415.6327069984,1.0,1.0,0.0
26,557a287c11cc5960,1.0,1.0,1.0,1.0,1.0,1.0,1.0,1.0,1.0,True,2021.05.25.14.26.37_veh-27_04122_04279,0,1621971539.399507,664460.9313135108,3997786.18290183,664461.2782041976,3997774.951223267,1.0,1.0,1.0
27,3c34d5d03e8a5bdc,1.0,1.0,0.0,1.0,0.6046853163237794,1.0,1.0,1.0,0.0,True,2021.09.16.19.49.00_veh-42_00990_01609,0,1631823435.000386,587679.8959514897,4475879.114048173,587687.6461699456,4475900.911738076,0.0,1.0,0.0
28,b867b28707205c0b,1.0,1.0,1.0,1.0,0.9351740197077358,1.0,1.0,1.0,0.9768478641813342,True,2021.09.16.19.27.01_veh-45_01749_03230,0,1631822971.500319,588097.6940375341,4475449.933476905,588094.3737801216,4475432.997506024,0.0,1.0,0.8547418811586674
29,3b910accfc12560a,1.0,1.0,1.0,1.0,0.8139686721617196,1.0,1.0,1.0,0.7907030972006142,True,2021.10.06.07.26.10_veh-52_00006_00398,0,1633505267.2003958,364955.61179341754,143500.8479642248,364964.8723633303,143512.9575795777,1.0,1.0,0.9418652100505374
30,46deeff0d0495df6,1.0,1.0,1.0,1.0,1.0,1.0,1.0,1.0,0.8571428571428571,True,2021.08.30.16.16.44_veh-40_00779_01088,0,1630341156.0002968,331662.8074241086,4690799.48113787,331673.4837310498,4690815.048958198,1.0,1.0,1.0
31,28a4a08f11a05407,1.0,1.0,1.0,1.0,0.78103766050397,1.0,1.0,1.0,0.9217991644657035,True,2021.09.16.19.27.01_veh-45_01749_03230,0,1631823391.500082,587663.6081094708,4475512.659191293,587659.3229597957,4475516.209458537,1.0,1.0,0.9315742689074906
32,faa8cd5e541a5b67,1.0,1.0,1.0,1.0,1.0,1.0,0.0,1.0,0.0,True,2021.09.29.18.19.40_veh-28_01268_01685,0,1632941219.599659,331374.2594660694,4690952.781892627,331345.7176560902,4690972.379692499,1.0,1.0,0.875
33,f2592c08589e5398,1.0,0.0,0.5,1.0,0.635377393539089,1.0,0.0,1.0,0.0,True,2021.09.16.14.39.34_veh-42_00297_00935,0,1631803771.2002878,587618.5955919367,4475958.025900609,587641.2974746176,4475954.349097673,1.0,1.0,0.0
34,a5ddad9bbb505316,1.0,1.0,1.0,1.0,0.62468396381637,1.0,1.0,1.0,0.8659585585058464,True,2021.10.06.07.26.10_veh-52_02208_02394,0,1633507570.700074,365131.59416158526,144092.48209279726,365142.227917913,144087.25407664754,1.0,1.0,0.8827137386926156
35,70f72122f1605fa1,1.0,0.0,1.0,1.0,0.7644770653561261,1.0,1.0,1.0,0.0,True,2021.09.16.13.53.10_veh-42_00180_00342,0,1631800739.899158,589084.6618434457,4474641.616701606,589094.8850879757,4474633.893331548,0.0,1.0,0.0
36,8c689c4b2df55539,1.0,1.0,1.0,1.0,0.9004908810603316,1.0,1.0,1.0,0.9644610289501185,True,2021.09.16.14.39.34_veh-42_00032_00186,0,1631803354.199699,589344.6265573858,4473893.21749398,589341.2441015403,4473908.403814199,0.0,1.0,0.8439034003313537
37,e747d6fdc59252f3,1.0,1.0,0.5,1.0,0.996680726085441,1.0,1.0,1.0,0.4994072725152573,True,2021.09.16.19.27.01_veh-45_01749_03230,0,1631822438.4996018,587625.8081453597,4475962.857514182,587654.1827847598,4475947.632994338,1.0,1.0,0.49948136345085015
38,0e272e003af65a71,1.0,1.0,1.0,1.0,0.8192815015233627,1.0,1.0,1.0,0.9354576791154867,True,2021.09.29.18.19.40_veh-28_00438_00833,0,1632940202.099614,331014.62950232846,4691179.286712567,331004.1622868922,4691172.90204072,1.0,1.0,0.9435254692260509
39,116aacf9868e5e4e,1.0,1.0,1.0,1.0,0.9712803657339818,1.0,1.0,1.0,0.9897429877621364,True,2021.09.16.19.12.04_veh-42_00289_00398,0,1631820163.500562,589028.3477563402,4474694.619741891,589029.4351015433,4474653.579867522,1.0,1.0,0.9910251142918693
40,32e5d7e804c65214,1.0,1.0,1.0,1.0,0.8219995318351131,1.0,1.0,1.0,0.9364284042268262,True,2021.09.16.19.27.01_veh-45_01749_03230,0,1631823391.99967,587666.9319831822,4475510.105323314,587659.791865043,4475515.807152828,1.0,1.0,0.9443748536984728
41,2cae5f08e11a5dbd,1.0,1.0,1.0,1.0,0.9721253260750511,1.0,1.0,1.0,0.9900447593125182,True,2021.08.16.14.23.37_veh-45_00015_00132,0,1629124018.499883,589026.7827261084,4474694.041592586,589029.6857435242,4474661.417860407,1.0,1.0,0.9912891643984535
42,529d2e20dc615c3b,0.0,1.0,1.0,1.0,1.0,0.0,1.0,1.0,0.0,True,2021.09.16.14.39.34_veh-42_01111_01448,0,1631804385.200013,587572.8251139313,4475693.866835723,587599.0236221666,4475684.825711567,0.0,1.0,0.0
43,0b1250020ea95539,1.0,1.0,0.5,1.0,0.9121469632923406,1.0,1.0,1.0,0.4843119577307751,True,2021.09.16.19.27.01_veh-45_01749_03230,0,1631822439.000022,587626.2367064317,4475962.138140962,587650.9213673488,4475949.382594151,1.0,1.0,0.48627296301442824
44,d073c3202a7e56da,1.0,1.0,1.0,1.0,1.0,1.0,1.0,1.0,1.0,True,2021.09.16.15.12.03_veh-42_01037_01434,0,1631806389.000604,587581.2139871786,4475576.853432679,587572.9782609779,4475579.960945324,1.0,1.0,1.0
45,5c084920ee285003,1.0,0.0,1.0,1.0,0.6838492690087861,1.0,1.0,1.0,0.0,True,2021.09.16.14.39.34_veh-42_00297_00935,0,1631803770.700042,587621.7699960466,4475957.823149492,587644.2077351591,4475952.803229637,1.0,1.0,0.0
46,7727bf26f5845499,1.0,0.0,1.0,1.0,0.8192441219519031,1.0,1.0,1.0,0.0,True,2021.10.06.07.26.10_veh-52_01245_02064,0,1633506713.6996598,365051.8903057346,143023.6751772516,365067.60757940804,143012.13641827568,1.0,1.0,0.0
47,132d1ec43fc058e1,1.0,0.0,1.0,1.0,1.0,1.0,1.0,1.0,0.0,True,2021.09.16.19.27.01_veh-45_00472_00711,0,1631820943.000002,588579.3017934174,4475610.784574629,588605.8157892248,4475573.457294876,1.0,1.0,0.0
48,226e6642fbc65bdc,1.0,1.0,1.0,1.0,0.8361502476328811,1.0,1.0,1.0,0.9414822312974575,True,2021.09.29.19.02.14_veh-28_02451_02708,0,1632944715.299857,330935.69324539945,4690142.779463791,330914.78361041314,4690106.829019876,1.0,1.0,0.9487969523852753
49,28c89352b09b55d4,1.0,0.0,1.0,1.0,0.7069950718906686,1.0,1.0,1.0,0.0,True,2021.10.06.08.16.17_veh-52_00181_00574,0,1633508608.700114,365569.37795703794,144098.02435953636,365581.43633235386,144106.98185869373,0.0,1.0,0.0
50,00016f8b45c25a1d,1.0,0.0,0.0,1.0,0.9338040593353634,1.0,1.0,1.0,0.0,True,2021.09.29.14.44.26_veh-28_00337_00504,0,1632927205.299614,331057.38964065455,4690748.015451902,331068.1285082265,4690724.233678515,1.0,1.0,0.0
51,5065e99644fb5fc2,0.0,1.0,1.0,1.0,1.0,0.0,1.0,1.0,0.0,True,2021.09.16.13.53.10_veh-42_00077_00153,0,1631800600.3999949,589339.2549210337,4473886.925489366,589344.282093613,4473901.20474184,0.0,1.0,0.0
52,0dc54a8c8203567b,1.0,1.0,1.0,1.0,0.772366265485222,1.0,1.0,1.0,0.9187022376732935,True,2021.10.06.08.16.17_veh-52_01590_01725,0,1633509880.699771,365791.72276848933,143338.94752620347,365788.59545580763,143369.13966477392,1.0,1.0,0.9288644579641319
53,a67c6744e6c45edb,1.0,1.0,1.0,1.0,0.9985145380285309,1.0,1.0,1.0,0.9994694778673325,True,2021.09.16.19.27.01_veh-45_01749_03230,0,1631822972.000548,588093.8526854652,4475454.433643551,588095.1724250822,4475433.856527663,0.0,1.0,0.8745357931339159
54,0ce170237acd51c2,1.0,1.0,1.0,1.0,1.0,1.0,1.0,1.0,1.0,True,2021.09.16.13.53.10_veh-42_01510_01591,0,1631802031.8999689,588978.7373899651,4474808.484883353,588962.0414676757,4474857.67649375,1.0,1.0,1.0
55,64f47c2f2c7754cb,1.0,1.0,1.0,1.0,1.0,1.0,1.0,1.0,1.0,True,2021.09.16.13.53.10_veh-42_00077_00153,0,1631800600.9003189,589345.657488007,4473886.177671488,589344.9023708927,4473900.030713256,0.0,1.0,0.875
56,f025b78e77b25fba,1.0,1.0,1.0,1.0,0.7557558032004167,1.0,1.0,1.0,0.7699127868572917,True,2021.06.28.20.24.43_veh-38_03385_04952,0,1624915998.5995848,664854.9886844496,3999601.734918891,664840.6582457046,3999577.0029349322,0.0,1.0,0.7986736885001302
57,8fb11d5808355072,0.0,1.0,1.0,1.0,1.0,0.0,1.0,1.0,0.0,True,2021.06.03.17.06.58_veh-35_02571_02742,0,1622757068.801626,664429.8592635075,3998364.4307856057,664429.4138029793,3998399.0801443653,1.0,1.0,0.0
58,ac0c6104c53e581e,1.0,1.0,1.0,1.0,1.0,1.0,1.0,1.0,0.0,True,2021.10.06.07.26.10_veh-52_01245_02064,0,1633506713.199589,365055.7973523558,143019.25903637294,365069.122588771,143011.41535798463,1.0,1.0,1.0
59,39a1ca97dca75beb,1.0,1.0,1.0,1.0,1.0,1.0,1.0,1.0,1.0,True,2021.09.16.19.27.01_veh-45_00472_00711,0,1631820942.4996328,588582.1912012749,4475606.505825646,588609.1941218228,4475568.9010702465,1.0,1.0,1.0
60,87eae54f57ea5690,1.0,0.0,1.0,1.0,0.8433341984510597,1.0,1.0,1.0,0.0,True,2021.10.06.07.26.10_veh-52_00422_00728,0,1633505920.699787,365404.92362094414,144310.37032718267,365382.4987652645,144319.49706775128,1.0,1.0,0.0
61,2030d3a5ed675084,1.0,0.0,1.0,1.0,1.0,1.0,1.0,1.0,0.0,True,2021.09.16.13.53.10_veh-42_01510_01591,0,1631802032.39994,588980.8064873705,4474803.474067956,588963.9589483789,4474851.529673285,1.0,1.0,0.0
62,6e2c6027edb85763,1.0,1.0,0.5,1.0,1.0,1.0,1.0,1.0,0.5,True,2021.08.30.14.54.34_veh-40_00439_00835,0,1630336062.000463,331741.58942526864,4690926.574333518,331736.5162902357,4690939.337655982,0.0,1.0,0.4375
63,029585f0509d52b0,1.0,0.0,1.0,1.0,1.0,1.0,1.0,1.0,0.0,True,2021.09.16.19.49.00_veh-42_00990_01609,0,1631823435.500547,587696.1005253481,4475880.676328655,587686.9910129523,4475899.076236241,0.0,1.0,0.0
64,7857a22b3bc85bb4,1.0,1.0,1.0,1.0,0.948745047486838,1.0,1.0,1.0,0.9816946598167279,True,2021.09.16.19.12.04_veh-42_00289_00398,0,1631820164.000561,589027.2745565408,4474698.263440544,589029.5601996385,4474658.183743193,1.0,1.0,0.9839828273396369
65,57ef08c8f98457d7,1.0,1.0,1.0,1.0,0.9771396919520334,1.0,1.0,1.0,0.9918356042685834,True,2021.08.16.14.23.37_veh-45_00015_00132,0,1629124017.999276,589027.8946135691,4474689.745001062,589029.6353292572,4474658.58423614,1.0,1.0,0.9928561537350105
66,42052560d5925f35,1.0,1.0,1.0,1.0,1.0,1.0,1.0,1.0,0.8571428571428571,True,2021.08.30.16.16.44_veh-40_00779_01088,0,1630341155.500428,331664.54335600167,4690801.6289882995,331674.60785718355,4690816.3471177695,1.0,1.0,1.0
67,35b84fa433f0583f,1.0,1.0,1.0,1.0,0.6562929290142498,1.0,1.0,1.0,0.8772474746479464,True,2021.09.29.18.19.40_veh-28_00438_00833,0,1632940201.599588,331011.62220681965,4691177.338379727,331003.04742535856,4691172.20233196,1.0,1.0,0.8925915403169531
68,54a295777c3a5d46,1.0,0.0,1.0,1.0,0.6496009782067228,1.0,1.0,1.0,0.0,True,2021.10.06.08.16.17_veh-52_00181_00574,0,1633508609.200295,365566.823589666,144097.07511002346,365579.9614160555,144106.6162086804,0.0,1.0,0.0
69,ed3db88f99a05a6c,1.0,1.0,1.0,1.0,0.7918729186782267,1.0,1.0,1.0,0.9256688995279381,True,2021.10.06.08.16.17_veh-52_01590_01725,0,1633509880.200006,365790.7654791343,143341.59056222165,365788.397083403,143372.78371830107,1.0,1.0,0.9349602870869458
70,ff44394af7265df3,1.0,1.0,1.0,1.0,0.7416402598918775,1.0,1.0,1.0,0.9077286642470991,True,2021.10.06.08.16.17_veh-52_01949_02501,0,1633510499.6996388,365566.81092061073,143108.34107831476,365578.90720851277,143079.68142521742,1.0,1.0,0.9192625812162117
71,550f8f2c9795525c,1.0,1.0,1.0,1.0,1.0,1.0,1.0,1.0,1.0,True,2021.08.30.13.45.25_veh-40_00878_01104,0,1630332136.0003068,331757.3214192002,4690710.940149512,331774.3602578723,4690700.758062114,1.0,1.0,1.0
72,635d0bb58aa95282,1.0,1.0,1.0,1.0,0.41440340309539286,1.0,1.0,1.0,0.7908583582483546,True,2021.09.16.13.53.10_veh-42_00180_00342,0,1631800739.399047,589092.8304560201,4474640.223394427,589095.2390163739,4474632.981519832,0.0,1.0,0.6920010634673103
73,0dd3256035e75770,1.0,1.0,1.0,1.0,0.28436591237316894,1.0,1.0,1.0,0.7444163972761318,True,2021.09.16.16.20.27_veh-08_02435_02525,0,1631811843.699594,587476.0894843322,4475624.811042137,587477.743537836,4475629.28091506,1.0,1.0,0.7763643476166153
74,38243f89c66ef146f,1.0,1.0,1.0,1.0,0.0,1.0,1.0,1.0,0.6428571428571429,True,2021.10.06.08.16.17_veh-52_00181_00574,1,1633508613.2005038,365577.42752922745,144106.03524110268,365577.42798725975,144106.03534147982,1.0,0.058823529411764705,0.6875
75,686f1f87016b7e54b,0.0,0.0,1.0,1.0,1.0,0.0,1.0,1.0,0.0,True,2021.06.28.16.29.11_veh-38_03263_03766,1,1624901428.800276,664421.0437380162,3997339.856316747,664424.674284562,3997348.715233203,0.0,0.14285714285714285,0.0
76,12499ddd90200ea9f,1.0,1.0,1.0,1.0,0.2902687729242828,1.0,1.0,1.0,0.7465245617586724,True,2021.10.06.08.16.17_veh-52_01590_01725,1,1633509884.699713,365788.7002292134,143346.40094004775,365788.5082674848,143350.9471373839,1.0,0.1111111111111111,0.7782089915388384
77,6c4cdcc93a5b36c13,1.0,1.0,0.0,1.0,0.8180300685915234,1.0,0.0,1.0,0.0,True,2021.09.16.13.53.10_veh-42_00180_00342,1,1631800743.400754,589069.7537743624,4474644.658528934,589088.9069611887,4474641.475324835,1.0,1.8785843678280657e-37,0.0
78,f6eee6000df177477,1.0,1.0,1.0,1.0,1.0,1.0,0.0,1.0,0.8571428571428571,True,2021.09.16.19.12.04_veh-42_00289_00398,1,1631820167.999814,589025.5081592748,4474702.381847963,589027.6095964334,4474683.4313953975,0.0,0.0,0.75
79,7ca5efbee05a576cf,1.0,1.0,0.0,1.0,1.0,1.0,0.0,1.0,0.0,True,2021.09.16.19.49.00_veh-42_00990_01609,1,1631823439.000016,587727.9013313573,4475863.75000676,587696.9126634612,4475884.349552016,1.0,0.07692307692307693,0.0
80,4f4a53796fa5bb136,1.0,1.0,1.0,1.0,0.5696395280218773,1.0,0.0,1.0,0.7034426885792419,True,2021.08.30.16.16.44_veh-40_00779_01088,1,1630341160.000258,331665.331897257,4690801.293348881,331668.82273444254,4690807.607847979,1.0,1.3969849774391667e-219,0.7405123525068367
81,bc0cc2d8f71b0e8a8,1.0,1.0,1.0,1.0,0.7908204976518367,1.0,0.0,1.0,0.782435892018513,True,2021.10.06.07.26.10_veh-52_00422_00728,1,1633505925.199883,365436.504237517,144288.34089553176,365409.7061387767,144309.37014892715,0.0,1.2460671253515338e-16,0.6846314055161989
82,f6f0f9e856ac09aa5,1.0,1.0,1.0,1.0,0.6707356956516565,1.0,1.0,1.0,0.8824056055898772,True,2021.10.06.07.26.10_veh-52_00422_00728,1,1633505925.199883,365403.5922063275,144315.31213614807,365396.37937690114,144318.08710910042,1.0,0.0,0.8971049048911426
83,34c5a38a6aee37c97,1.0,0.0,0.0,1.0,0.8273756987216466,1.0,1.0,1.0,0.0,True,2021.09.16.14.39.34_veh-42_00032_00186,1,1631803358.199913,589334.4152968928,4473878.544977075,589347.1729368427,4473895.197444672,0.0,1.7424093795071342e-20,0.0
84,bc07273c020da88b3,0.0,1.0,1.0,1.0,1.0,0.0,1.0,1.0,0.0,True,2021.09.29.18.19.40_veh-28_01268_01685,1,1632941223.59972,331392.1254951847,4690943.572498025,331370.6352289257,4690956.569815475,1.0,1.9175465708600372e-55,0.0
85,ba6dae21cadca949f,1.0,1.0,1.0,1.0,0.013917448523327004,1.0,0.0,1.0,0.5049705173297596,True,2021.09.16.15.12.03_veh-42_01037_01434,1,1631806392.9996428,587576.5478148996,4475579.076097417,587576.5402122908,4475579.076289057,1.0,1.9277158821329654e-58,0.5668492026635397
86,bbe1739362745c097,0.0,0.0,1.0,1.0,1.0,0.0,1.0,1.0,0.0,True,2021.06.28.16.29.11_veh-38_03263_03766,1,1624901429.299944,664420.266828023,3997340.323558698,664424.6850215603,3997348.741506137,0.0,0.14285714285714285,0.0
87,4088cfb3d342b234d,1.0,0.0,0.0,1.0,1.0,1.0,0.0,1.0,0.0,True,2021.10.06.08.16.17_veh-52_01949_02501,1,1633510504.200027,365551.23080217105,143129.46077132632,365568.7077147277,143108.26725557804,0.0,0.08333333333333333,0.0
88,e5dbf5ca6877249cf,0.0,1.0,1.0,1.0,1.0,0.0,1.0,1.0,0.0,True,2021.06.03.17.06.58_veh-35_02571_02742,1,1622757072.800535,664428.4315860613,3998359.830600827,664428.2618838287,3998375.5347794928,1.0,0.08333333333333333,0.0
89,dda492e77bd06b5da,1.0,0.0,0.0,1.0,0.7391547041082921,1.0,1.0,1.0,0.0,True,2021.09.16.14.39.34_veh-42_00032_00186,1,1631803358.199913,589335.4094643723,4473881.666575471,589345.892960074,4473894.438655152,0.0,0.0001297086874920456,0.0
90,762f200cb2556d1a2,0.0,0.0,1.0,1.0,1.0,0.0,1.0,1.0,0.0,True,2021.09.16.19.27.01_veh-45_01749_03230,1,1631823395.9997308,587683.4822131629,4475519.955500017,587670.3733751981,4475511.534363881,0.0,1.7196715174885957e-27,0.0
91,0589a66493d098e9d,1.0,1.0,1.0,1.0,0.8347366546373599,1.0,1.0,1.0,0.9409773766562,True,2021.08.16.14.23.37_veh-45_00015_00132,1,1629124022.5001528,589024.0659795216,4474719.959670817,589027.9907418075,4474689.472935622,1.0,6.361903750483445e-48,0.948355204574175
92,55617753513055d9b,0.0,0.0,1.0,1.0,1.0,0.0,1.0,1.0,0.0,True,2021.09.16.19.27.01_veh-45_01749_03230,1,1631823395.4999728,587687.2222202067,4475524.168143321,587667.7774817701,4475511.455624426,0.0,4.329278786509093e-40,0.0
93,eeb34640b5657db25,1.0,1.0,1.0,1.0,1.0,1.0,1.0,1.0,1.0,True,2021.09.16.19.27.01_veh-45_00472_00711,1,1631820946.4996898,588574.0514493383,4475629.940015194,588585.9249095471,4475600.930926283,1.0,3.99095745988447e-97,1.0
94,972be27c6916c8ef1,0.0,1.0,1.0,1.0,1.0,0.0,1.0,1.0,0.0,True,2021.09.16.16.20.27_veh-08_02435_02525,1,1631811847.6994588,587492.2340754329,4475606.054737367,587475.949541898,4475619.0776848355,0.0,6.0683211048034e-72,0.0
95,3894c9c5592b7db82,0.0,1.0,1.0,0.0,1.0,0.0,1.0,1.0,0.0,True,2021.09.29.18.19.40_veh-28_00438_00833,1,1632940206.099712,331034.09541600035,4691191.650648076,331015.30422503315,4691179.98884984,0.0,0.4070915401634234,0.0
96,5d5f36ba279588ae3,1.0,0.0,1.0,1.0,1.0,0.0,0.0,1.0,0.0,True,2021.09.16.13.53.10_veh-42_00180_00342,1,1631800743.900833,589063.4426695413,4474647.894717277,589086.8502474644,4474644.888668813,1.0,0.058823529411764705,0.0
97,2833f76e80e4d4998,1.0,0.0,1.0,1.0,0.7728712832408529,1.0,0.0,1.0,0.0,True,2021.08.16.14.23.37_veh-45_00015_00132,1,1629124021.9999518,589025.5164232193,4474705.176638853,589028.5654869409,4474681.448080076,1.0,1.4561096391337969e-149,0.0
98,76cde40b4dab9f0f1,0.0,0.0,1.0,1.0,1.0,0.0,1.0,1.0,0.0,True,2021.06.28.16.29.11_veh-38_03263_03766,1,1624901428.800276,664421.1156689514,3997340.2044108743,664424.674284562,3997348.715233203,0.0,0.14285714285714285,0.0
99,823e2256b643e1b5f,0.0,1.0,1.0,1.0,1.0,0.0,1.0,1.0,0.0,True,2021.09.16.15.12.03_veh-42_01037_01434,1,1631806393.4995148,587595.420006088,4475569.623698814,587581.0502034568,4475578.713971093,1.0,3.440858899692815e-12,0.0
100,3c5f6c1f10df6f892,0.0,0.0,0.5,1.0,1.0,0.0,0.0,1.0,0.0,True,2021.09.16.15.12.03_veh-42_01037_01434,1,1631806393.4995148,587585.331216541,4475559.110025339,587583.7769372091,4475574.347573707,0.0,1.0330585552474275e-78,0.0
101,41d2023a1a51da75e,1.0,1.0,1.0,1.0,1.0,1.0,1.0,1.0,1.0,True,2021.10.06.07.26.10_veh-52_00006_00398,1,1633505271.7001848,364954.1945419192,143499.60891926487,364962.22755313566,143510.18448466252,0.0,1.7738172048264363e-184,0.875
102,6eb7971620ae92336,1.0,0.0,0.0,1.0,1.0,1.0,1.0,1.0,0.0,True,2021.09.16.14.39.34_veh-42_00032_00186,1,1631803358.699646,589332.7743577552,4473880.381309269,589347.5335136347,4473893.420899867,0.0,0.0625,0.0
103,147fe3531a064a546,1.0,0.0,0.5,1.0,1.0,1.0,1.0,0.0,0.0,True,2021.09.16.14.39.34_veh-42_00032_00186,1,1631803358.199913,589314.3143762251,4473883.063936019,589344.3519246811,4473892.046738068,0.0,0.49379725922110795,0.0
104,f54aae942b797da5a,1.0,1.0,1.0,1.0,0.8801083020192183,1.0,0.0,1.0,0.8143243935782921,True,2021.09.16.19.49.00_veh-42_00990_01609,1,1631823439.000016,587717.3337917853,4475869.162246581,587693.0101509996,4475885.7098297,1.0,0.07692307692307693,0.8375338443810056
105,dcde802c1ad40532b,0.0,1.0,1.0,1.0,1.0,0.0,0.0,1.0,0.0,True,2021.09.16.14.39.34_veh-42_01111_01448,1,1631804389.199903,587573.7521716504,4475692.09253877,587583.5044097578,4475689.520932911,1.0,0.1,0.0
106,fc6b7a66f2b28cca4,0.0,1.0,1.0,1.0,1.0,0.0,0.0,1.0,0.0,True,2021.05.25.14.26.37_veh-27_04122_04279,1,1621971542.899617,664459.7568526868,3997806.6754057426,664460.2708718082,3997784.142617886,1.0,0.06138413853066306,0.0
107,08616e3e14acc949b,1.0,1.0,1.0,1.0,1.0,1.0,0.0,1.0,0.8571428571428571,True,2021.08.16.14.23.37_veh-45_00015_00132,1,1629124021.9999518,589025.0180800934,4474704.075342056,589028.7258049458,4474679.985770151,1.0,2.020233107814105e-207,0.875
108,15b50c1e18979a018,1.0,1.0,1.0,1.0,0.46723222877215254,1.0,1.0,1.0,0.8097257959900545,True,2021.09.16.13.53.10_veh-42_00180_00342,1,1631800743.400754,589089.1609455821,4474643.973752633,589092.5573127313,4474639.693377028,0.0,0.21501418897164173,0.7085100714912976
109,89d2e289ba7d3fd79,1.0,1.0,0.0,1.0,1.0,1.0,0.0,1.0,0.0,True,2021.10.06.07.26.10_veh-52_01245_02064,1,1633506717.6997159,365038.6351691436,143049.21646674626,365051.5711624984,143025.76564097256,1.0,1.3630270174871342e-08,0.0
110,5e6d2cd10c8d3e867,1.0,1.0,1.0,1.0,0.8520754529598173,1.0,0.0,1.0,0.8043126617713633,True,2021.10.06.07.26.10_veh-52_01245_02064,1,1633507080.2000868,365192.5541046864,143574.82429884377,365179.75241959665,143547.43578906517,1.0,0.08768580174474071,0.8287735790499429
111,bd7729f8ddc18f827,1.0,1.0,1.0,1.0,0.8868825585087781,1.0,0.0,1.0,0.8167437708959921,True,2021.09.16.14.39.34_veh-42_00297_00935,1,1631803774.699926,587620.4038572547,4475950.59115351,587629.13643584,4475958.382241389,1.0,0.07142857142857142,0.8396507995339931
112,99e402b94de45b44b,1.0,1.0,1.0,1.0,0.3977827457883006,1.0,1.0,1.0,0.7849224092101074,True,2021.10.06.08.16.17_veh-52_01949_02501,1,1633510504.200027,365565.6257231019,143111.91886310405,365569.49153739033,143103.72221883768,1.0,0.08333333333333333,0.8118071080588439
113,e1e6ccb3f67db2d88,1.0,1.0,1.0,1.0,0.8864701046233446,1.0,0.0,1.0,0.8165964659369088,True,2021.09.29.19.02.14_veh-28_02451_02708,1,1632944719.799715,330962.0157764277,4690194.689596678,330938.15686841035,4690152.618661668,1.0,0.05,0.8395219076947952
114,38158890d40f83da6,0.0,1.0,1.0,1.0,1.0,0.0,0.0,1.0,0.0,True,2021.09.16.16.20.27_veh-08_02435_02525,1,1631811848.199143,587505.5805365393,4475602.545760184,587480.6492684874,4475614.809898174,0.0,7.999317777844975e-248,0.0
115,02c332ea4953567c5,1.0,1.0,0.0,1.0,1.0,1.0,1.0,0.0,0.0,True,2021.09.16.16.20.27_veh-08_02435_02525,1,1631811848.199143,587493.3412400773,4475611.594507736,587477.2646527472,4475625.997395331,1.0,1.9780380998262633e-09,0.0
116,a559541fda572fe81,1.0,1.0,1.0,1.0,0.7757525301291539,1.0,1.0,1.0,0.9199116179032691,True,2021.10.06.07.26.10_veh-52_00006_00398,1,1633505271.7001848,364943.39073174616,143486.28073776382,364955.871571946,143502.72144737997,1.0,0.008464775967351105,0.9299226656653605
117,cbe052f2880b9cd3c,1.0,1.0,1.0,1.0,0.8172914199092598,1.0,1.0,1.0,0.9347469356818785,True,2021.09.16.13.53.10_veh-42_00180_00342,1,1631800743.900833,589067.695421058,4474646.72164268,589087.2452213896,4474643.933952718,1.0,0.058823529411764705,0.9429035687216437
118,6dc61a791e23a0224,1.0,1.0,1.0,1.0,0.9756198810178274,1.0,1.0,1.0,0.9912928146492241,True,2021.09.16.14.39.34_veh-42_01111_01448,1,1631804388.699858,587584.1418701126,4475690.020930393,587589.5450487721,4475688.16409429,1.0,0.1,0.9923812128180711
119,c37d82f1251543152,1.0,1.0,1.0,1.0,0.9394076418386439,1.0,0.0,1.0,0.8355027292280871,True,2021.10.06.08.16.17_veh-52_00181_00574,1,1633508612.700299,365569.69586543087,144054.3329591481,365569.73752690165,144091.49069933777,1.0,3.3608818512185003e-88,0.8560648880745763
120,8d442a4953c9da694,1.0,0.0,1.0,1.0,0.8201402207982544,1.0,1.0,1.0,0.0,True,2021.08.16.14.23.37_veh-45_00015_00132,1,1629124022.5001528,589025.7650298954,4474704.228479354,589029.1328158499,4474681.1618282795,1.0,0.0,0.0
121,14b4d5dae8ea46cbc,1.0,1.0,1.0,1.0,0.891870456349803,1.0,0.0,1.0,0.8185251629820726,True,2021.09.29.14.44.26_veh-28_00337_00504,1,1632927209.299624,331031.88212816685,4690771.341677862,331060.4430227398,4690749.303629179,0.0,0.05263157894736842,0.7162095176093135
122,d015a262e6ee504bb,0.0,1.0,1.0,1.0,1.0,0.0,0.0,1.0,0.0,True,2021.05.25.14.26.37_veh-27_04122_04279,1,1621971542.899617,664458.4032625051,3997798.332522708,664460.6750799261,3997782.369738994,1.0,0.003964289743254856,0.0
123,416a5f6d80036586b,1.0,0.0,0.0,1.0,1.0,1.0,0.0,1.0,0.0,True,2021.08.16.14.23.37_veh-45_00015_00132,1,1629124022.5001528,589021.6827796615,4474716.074486356,589027.3462209454,4474687.764612033,1.0,1.122503631986037e-85,0.0
124,a67e740ebc3efc17e,1.0,0.0,0.5,1.0,1.0,1.0,0.0,1.0,0.0,True,2021.08.30.14.54.34_veh-40_00439_00835,1,1630336066.0001578,331737.6522696691,4690916.262554783,331740.9621798147,4690930.933962663,1.0,7.311433675272517e-39,0.0
125,27c67d28b70d594c7,1.0,1.0,1.0,1.0,0.8615949101294159,1.0,1.0,1.0,0.9505696107605057,True,2021.10.06.07.26.10_veh-52_00422_00728,1,1633505924.7000349,365437.7120212767,144283.6095610727,365408.04366920696,144309.5575133748,0.0,2.913111460196831e-23,0.8317484094154425
126,41dae4808025d25f5,1.0,1.0,1.0,1.0,0.8817188336563493,1.0,0.0,1.0,0.8148995834486962,True,2021.09.29.14.44.26_veh-28_00337_00504,1,1632927209.799903,331027.6297682456,4690772.76286074,331057.58673572016,4690751.977148333,0.0,0.05263157894736842,0.7130371355176092
127,0f4ea7fb12b00026d,1.0,1.0,1.0,1.0,0.33466196945525506,1.0,1.0,1.0,0.7623792748054482,True,2021.10.06.07.26.10_veh-52_02208_02394,1,1633507574.7003539,365135.34439722385,144090.40034314018,365138.3044734024,144089.0852119221,1.0,1.0467396096765755e-117,0.7920818654547672
128,e3bbe6b73a88e1b36,1.0,1.0,0.5,1.0,1.0,1.0,0.0,1.0,0.42857142857142855,True,2021.09.16.19.27.01_veh-45_01749_03230,1,1631822442.499192,587622.4315243072,4475953.103989739,587636.2674399868,4475955.787088142,0.0,0.07142857142857142,0.375
129,20a64ca2d03e6cb72,1.0,1.0,1.0,1.0,0.45371440012207415,1.0,0.0,1.0,0.6620408571864551,True,2021.10.06.08.16.17_veh-52_01949_02501,1,1633510504.200027,365563.4132388399,143114.6447900877,365567.8898500247,143105.18306965902,1.0,0.08333333333333333,0.7042857500381482
130,14a4ca35ab5b9b46d,1.0,0.0,0.5,1.0,0.8167164058709077,1.0,0.0,1.0,0.0,True,2021.10.06.08.16.17_veh-52_01949_02501,1,1633510503.699663,365550.5257666439,143130.14600882804,365568.6514958305,143104.36866972066,0.0,0.08333333333333333,0.0
131,0b7a0cf41a68849b4,1.0,0.0,1.0,1.0,0.923019730270204,1.0,0.0,1.0,0.0,True,2021.08.16.14.23.37_veh-45_00015_00132,1,1629124022.5001528,589022.5986499886,4474724.1962892385,589027.9821947376,4474687.545004682,1.0,3.3433955644620954e-94,0.0
132,991fe7806bacdbaca,0.0,1.0,1.0,1.0,1.0,0.0,1.0,1.0,0.0,True,2021.06.03.17.06.58_veh-35_02571_02742,1,1622757072.300323,664428.1986602851,3998359.3888051603,664428.3473770203,3998377.5555496207,1.0,0.08333333333333333,0.0
133,e5e284a0009e877d9,1.0,0.0,0.0,1.0,1.0,1.0,0.0,1.0,0.0,True,2021.10.06.08.16.17_veh-52_01949_02501,1,1633510504.200027,365548.5504319011,143132.1513348244,365569.0334012986,143109.24262479277,0.0,0.08333333333333333,0.0
134,f5d454a22e5731c5a,1.0,1.0,1.0,1.0,0.7079255015442454,1.0,1.0,1.0,0.8956876791229449,True,2021.10.06.08.16.17_veh-52_01590_01725,1,1633509884.699713,365795.7927123749,143325.72312860997,365789.96404213866,143345.75329744324,1.0,0.1111111111111111,0.9087267192325768
135,d78e4f39396f3678e,1.0,1.0,1.0,1.0,0.6496400612491966,1.0,1.0,1.0,0.8748714504461417,True,2021.10.06.07.26.10_veh-52_00422_00728,1,1633505924.7000349,365411.35589088127,144305.85895857753,365399.2711170825,144314.4106184176,0.0,1.6229910334928443e-105,0.765512519140374
136,a1ec47d4c6a4ac611,0.0,0.0,0.0,1.0,1.0,0.0,0.0,1.0,0.0,True,2021.09.16.19.27.01_veh-45_01749_03230,1,1631822442.999637,587608.7140941665,4475935.391744435,587624.8556739915,4475954.746921833,0.0,0.07142857142857142,0.0
137,9edf6075f6a55d2a5,1.0,0.0,0.0,1.0,1.0,1.0,0.0,1.0,0.0,True,2021.09.16.19.27.01_veh-45_01749_03230,1,1631822442.999637,587610.0631894597,4475948.2564408,587631.598816681,4475959.305324014,0.0,0.07142857142857142,0.0
138,5dc4590f82971002e,1.0,1.0,1.0,1.0,0.8243456325813191,1.0,0.0,1.0,0.7944091544933283,True,2021.09.29.14.44.26_veh-28_00337_00504,1,1632927209.299624,331044.4519961341,4690760.846075256,331063.79580984905,4690744.472443824,0.0,0.05263157894736842,0.6951080101816622
139,aa1b4476d7c10952e,1.0,0.0,0.0,1.0,1.0,1.0,0.0,1.0,0.0,True,2021.09.16.19.12.04_veh-42_00289_00398,1,1631820167.499603,589022.6083340548,4474714.025624577,589027.7291286497,4474685.253153742,1.0,1.8622520388327954e-188,0.0
140,514e8dc72d43731a2,1.0,1.0,1.0,1.0,0.7174008801366273,1.0,0.0,1.0,0.7562146000487955,True,2021.08.30.14.54.34_veh-40_00439_00835,1,1630336066.500321,331731.44761578616,4690912.267468479,331738.5921096879,4690925.730618908,1.0,1.340722202963161e-15,0.786687775042696
141,d34d8e1f656046bdd,1.0,1.0,1.0,1.0,1.0,1.0,0.0,1.0,0.8571428571428571,True,2021.06.28.20.24.43_veh-38_03385_04952,1,1624916003.099648,664858.3505862819,3999611.0040498087,664853.5877022365,3999600.31412237,1.0,0.08333333333333333,0.875
142,bec0eb9fc0a02638a,1.0,1.0,1.0,1.0,0.7963326494201243,1.0,1.0,1.0,0.9272616605071873,True,2021.10.06.07.26.10_veh-52_00006_00398,1,1633505271.7001848,364957.5843519217,143504.7800672627,364963.5219672701,143511.24140878144,0.0,7.979645515773475e-255,0.8113539529437889
143,ecccff94c00a6bd77,0.0,0.0,0.0,1.0,1.0,0.0,0.0,1.0,0.0,True,2021.09.16.19.27.01_veh-45_01749_03230,1,1631823395.9997308,587684.2367938174,4475525.841103488,587668.1396022631,4475513.340646068,1.0,3.096234935803337e-23,0.0
144,e135d049b4587c212,1.0,1.0,1.0,1.0,0.9357825313535127,1.0,0.0,1.0,0.8342080469119688,True,2021.09.16.19.49.00_veh-42_00990_01609,1,1631823439.4997048,587729.8832634995,4475861.826452341,587699.5613754658,4475881.9651250895,1.0,4.72620620602977e-28,0.8549320410479727
145,7dbe15c1329420b90,1.0,1.0,0.5,1.0,1.0,1.0,0.0,1.0,0.42857142857142855,True,2021.08.16.14.23.37_veh-45_00015_00132,1,1629124022.5001528,589023.813055621,4474711.441367284,589027.963953303,4474684.335944271,1.0,5.188604963820936e-207,0.4375
146,d4b0d052629a32f79,1.0,1.0,1.0,1.0,1.0,1.0,1.0,1.0,1.0,True,2021.09.29.19.02.14_veh-28_00540_00917,1,1632942930.299922,331484.07315348665,4690885.880958244,331475.0534379676,4690891.637582321,1.0,3.522796971583867e-14,1.0
147,e569c39fb04197d73,1.0,0.0,1.0,1.0,0.8969090515090912,1.0,1.0,0.0,0.0,True,2021.09.16.14.39.34_veh-42_00297_00935,1,1631803774.699926,587619.0720004203,4475953.765088401,587630.42666015,4475958.691307634,0.0,0.07142857142857142,0.0
148,46790b0b88d5ee5b3,1.0,0.0,1.0,1.0,1.0,1.0,1.0,1.0,0.0,True,2021.09.16.13.53.10_veh-42_00077_00153,1,1631800604.8992178,589345.3851540335,4473882.672738908,589347.2916938824,4473896.304129249,0.0,0.1,0.0
149,cca4e701be243a275,0.0,0.0,1.0,1.0,1.0,0.0,0.0,0.0,0.0,True,2021.09.16.19.27.01_veh-45_01749_03230,1,1631822442.999637,587615.6316895467,4475943.752303129,587629.0556488872,4475958.557346436,0.0,0.07142857142857142,0.0
150,aa97ab9606aa456ff,1.0,1.0,1.0,1.0,1.0,0.0,1.0,1.0,0.6428571428571429,True,2021.09.16.19.27.01_veh-45_01749_03230,1,1631822975.999569,588074.8293027324,4475482.946629487,588095.5680853617,4475454.132222953,0.0,0.9999999795690371,0.5625
151,4ea8e51fd89a2e0aa,1.0,0.0,0.0,1.0,1.0,0.0,0.0,1.0,0.0,True,2021.09.16.19.27.01_veh-45_01749_03230,1,1631822442.499192,587610.863670088,4475941.01865534,587628.4725836271,4475958.528171215,0.0,0.07142857142857142,0.0
152,5420830c429c1fcb6,1.0,1.0,1.0,1.0,0.48883425200993497,1.0,1.0,1.0,0.8174408042892625,True,2021.09.16.19.12.04_veh-42_00289_00398,1,1631820167.499603,589027.8820790864,4474690.407863527,589028.7083412574,4474679.994024863,0.0,0.0,0.7152607037531047
153,13c1bc44a34013f46,1.0,1.0,0.0,1.0,1.0,1.0,0.0,1.0,0.0,True,2021.10.06.08.16.17_veh-52_00181_00574,1,1633508612.700299,365567.34733412607,144065.364138766,365570.5640329545,144095.18823094328,0.0,9.622457657285373e-16,0.0
154,6492cabed87012413,1.0,1.0,1.0,1.0,1.0,1.0,0.0,1.0,0.8571428571428571,True,2021.06.28.20.24.43_veh-38_03385_04952,1,1624916002.599906,664859.8076246713,3999610.5245757736,664851.6244713215,3999595.667096796,1.0,2.6154791344931462e-105,0.875
155,2f7b3c8c203e87c73,1.0,0.0,0.5,1.0,1.0,1.0,0.0,1.0,0.0,True,2021.09.29.19.02.14_veh-28_02451_02708,1,1632944719.799715,330953.12379790493,4690173.4857727755,330933.0834089154,4690139.262980135,0.0,0.05,0.0
156,0d85be806c3ea78b8,1.0,1.0,1.0,1.0,1.0,1.0,0.0,1.0,0.8571428571428571,True,2021.09.16.14.39.34_veh-42_01111_01448,1,1631804388.699858,587584.295833517,4475691.883351,587588.1076742366,4475689.783640017,1.0,0.1,0.875
157,f48375618b581af7d,1.0,0.0,0.0,1.0,1.0,1.0,0.0,0.0,0.0,True,2021.09.16.14.39.34_veh-42_00032_00186,1,1631803358.699646,589313.396762373,4473877.622463292,589343.0701708709,4473890.0339883,0.0,0.0625,0.0
158,0c23e365770faecb8,1.0,0.0,0.0,1.0,1.0,1.0,0.0,1.0,0.0,True,2021.09.16.13.53.10_veh-42_00180_00342,1,1631800743.900833,589046.0430107238,4474644.061429823,589078.4536365774,4474644.238125189,0.0,0.058823529411764705,0.0
159,d2ac4238dd1e06e2b,1.0,0.0,0.5,1.0,1.0,0.0,1.0,1.0,0.0,True,2021.09.16.19.27.01_veh-45_01749_03230,1,1631822975.4997919,588091.8275685551,4475462.974384583,588100.5910606515,4475445.215864945,0.0,1.1499177442946537e-64,0.0
160,144eb49ce2929f8ea,1.0,1.0,1.0,1.0,1.0,1.0,1.0,1.0,1.0,True,2021.09.29.19.02.14_veh-28_00540_00917,1,1632942930.799655,331488.8963803709,4690882.805435658,331475.16841152287,4690891.5606935285,1.0,2.639977329532281e-38,1.0
161,8499ef24e45dc8fa6,1.0,0.0,0.0,1.0,1.0,1.0,0.0,1.0,0.0,True,2021.09.16.19.12.04_veh-42_00289_00398,1,1631820167.999814,589021.5816467332,4474716.410112773,589027.164432311,4474688.645798219,1.0,7.603154739590225e-201,0.0
162,91e4c1dcd12d3cf3c,1.0,1.0,0.0,1.0,1.0,1.0,1.0,0.0,0.0,True,2021.09.16.16.20.27_veh-08_02435_02525,1,1631811847.6994588,587496.008915334,4475607.984520651,587477.1969208044,4475620.270836171,0.0,6.02827034682585e-48,0.0
163,b9d5b5bb73e875bc3,1.0,1.0,1.0,1.0,1.0,1.0,1.0,0.0,0.8571428571428571,True,2021.09.16.16.20.27_veh-08_02435_02525,1,1631811847.6994588,587484.108179822,4475611.313006405,587476.4877663531,4475624.474154621,0.0,0.41114703906044686,0.75
164,531e4c58eeca959a5,1.0,1.0,0.5,1.0,0.8166253738287352,1.0,0.0,1.0,0.3958259596122741,True,2021.09.16.19.27.01_veh-45_01749_03230,1,1631822442.499192,587629.1249431232,4475956.4500033185,587639.112444607,4475955.155940397,1.0,0.07142857142857142,0.4088477146607399
165,0976a098312b0ead1,1.0,0.0,0.5,1.0,1.0,1.0,0.0,1.0,0.0,True,2021.09.16.19.27.01_veh-45_00472_00711,1,1631820947.000062,588576.2070880933,4475614.20332368,588586.250591516,4475597.815929651,0.0,0.0,0.0
166,da13eae8d0d83af38,1.0,0.0,0.0,1.0,1.0,1.0,0.0,1.0,0.0,True,2021.08.30.14.54.34_veh-40_00439_00835,1,1630336066.500321,331737.07595112815,4690914.678538541,331741.0958604133,4690930.102331549,1.0,9.269506548011353e-136,0.0
167,cd8fa74c681fa08d7,1.0,1.0,1.0,1.0,0.9307018221927918,1.0,0.0,1.0,0.8323935079259971,True,2021.09.16.19.49.00_veh-42_00990_01609,1,1631823439.000016,587724.8311320168,4475862.86501012,587696.1610030672,4475883.012227776,1.0,0.07692307692307693,0.8533443194352475
168,c00dec2389baa0134,1.0,1.0,0.5,1.0,0.9890927110417438,1.0,0.0,1.0,0.4266236984003114,True,2021.10.06.07.26.10_veh-52_01245_02064,1,1633506717.6997159,365049.9642879033,143026.54683946382,365063.0641969182,143015.639476389,0.0,0.0,0.37329573610027245
169,2d56e1301f6cafa55,0.0,1.0,1.0,1.0,1.0,0.0,1.0,1.0,0.0,True,2021.05.25.14.26.37_veh-27_04122_04279,1,1621971542.899617,664460.6936406812,3997799.954510781,664460.4148538304,3997783.370213869,1.0,0.8941629861710557,0.0
170,3f8f80892c70b7c5f,1.0,0.0,1.0,1.0,1.0,1.0,1.0,1.0,0.0,True,2021.09.16.13.53.10_veh-42_00180_00342,1,1631800743.400754,589064.2858205589,4474646.794100134,589088.7464909665,4474643.65396668,1.0,2.1444225476530754e-62,0.0
171,cc4ba9f3c63ddbc5c,1.0,1.0,1.0,1.0,1.0,1.0,1.0,1.0,1.0,True,2021.10.06.07.26.10_veh-52_00006_00398,1,1633505271.2003798,364954.6690256744,143499.74824844595,364962.2240582434,143510.17679158732,0.0,1.0845017912282534e-283,0.875
172,1d6a75c2185cddac3,0.0,1.0,1.0,1.0,0.9236649541858315,1.0,1.0,1.0,0.0,True,2021.09.16.16.20.27_veh-08_02435_02525,1,1631811848.199143,587484.1038009638,4475610.428129398,587476.7178188697,4475620.740307717,1.0,2.8855740548622414e-31,0.0
173,ac022e7e85876da0a,1.0,1.0,1.0,1.0,1.0,1.0,0.0,1.0,0.8571428571428571,True,2021.10.06.07.26.10_veh-52_01245_02064,1,1633506717.6997159,365054.13839196844,143023.48667706363,365063.51738269086,143015.20251179597,0.0,0.0,0.75
174,f320cdfa77acffb59,1.0,0.0,1.0,1.0,0.8542321665709066,1.0,1.0,1.0,0.0,True,2021.09.16.19.27.01_veh-45_01749_03230,1,1631822975.999569,588083.1033788036,4475472.247920051,588098.5025896862,4475450.910489374,0.0,4.815881603662627e-68,0.0
175,6949e44c974752c39,1.0,1.0,0.0,1.0,1.0,1.0,1.0,1.0,0.0,True,2021.09.16.13.53.10_veh-42_00180_00342,1,1631800743.400754,589076.0656598916,4474644.17151198,589091.6246959617,4474637.765841217,1.0,6.803235538566526e-17,0.0
176,3a569f66b0a30418a,1.0,1.0,1.0,1.0,0.43506548120268335,1.0,1.0,1.0,0.7982376718581011,True,2021.10.06.07.26.10_veh-52_01245_02064,1,1633507080.700362,365179.2110845551,143543.01083756474,365176.4315302435,143537.83301976568,1.0,0.0,0.8234579628758385
177,6ad5915978b38db9e,0.0,1.0,1.0,1.0,1.0,0.0,0.0,1.0,0.0,True,2021.05.25.14.26.37_veh-27_04122_04279,1,1621971542.899617,664458.994907606,3997797.6014269344,664459.9109998997,3997780.6694665076,1.0,1.7902725717455512e-20,0.0
178,40a1b839fda812527,1.0,1.0,1.0,1.0,1.0,1.0,1.0,1.0,1.0,True,2021.09.16.19.27.01_veh-45_00472_00711,1,1631820947.000062,588577.1918850698,4475619.188429876,588586.7553495808,4475600.792968956,1.0,0.0,1.0
179,e87ee58e2c6134551,1.0,1.0,1.0,1.0,0.3200255572807415,1.0,0.0,1.0,0.614294841885979,True,2021.09.29.19.02.14_veh-28_02451_02708,1,1632944719.799715,330933.17220125144,4690138.5592729,330929.644619949,4690132.493094609,1.0,0.05,0.6625079866502317
180,0eef4e705a397f8df,1.0,1.0,1.0,1.0,0.6453848306771487,1.0,0.0,1.0,0.730494582384696,True,2021.10.06.07.26.10_veh-52_00422_00728,1,1633505924.7000349,365414.70960520883,144304.34175505483,365400.90742943936,144315.47349501346,0.0,2.897504468048674e-92,0.639182759586609
181,e320a3747ddfe4a53,1.0,0.0,0.5,1.0,1.0,1.0,0.0,1.0,0.0,True,2021.08.16.14.23.37_veh-45_00015_00132,1,1629124022.5001528,589026.6421089049,4474698.4529747665,589030.4985696264,4474677.847294127,1.0,0.0,0.0
182,1a8b28cb69aa0366e,1.0,0.0,0.0,1.0,1.0,0.0,0.0,1.0,0.0,True,2021.09.16.19.27.01_veh-45_01749_03230,1,1631822442.999637,587611.4034774523,4475941.099488741,587627.4221365523,4475958.42629434,0.0,0.07142857142857142,0.0
183,630be1035e80b768b,1.0,1.0,1.0,1.0,1.0,1.0,1.0,1.0,1.0,True,2021.05.25.14.26.37_veh-27_04122_04279,1,1621971543.399616,664460.8802537576,3997784.101899985,664461.3006754532,3997775.447550671,0.0,8.959326970295105e-250,0.875
184,114bae5e9b92e8933,1.0,0.0,0.0,1.0,1.0,1.0,1.0,0.0,0.0,True,2021.09.16.13.53.10_veh-42_00077_00153,1,1631800604.399551,589329.7651397642,4473879.716812405,589347.3474351113,4473892.882083661,0.0,0.1,0.0
185,bf16a1467ed27acf5,0.0,1.0,1.0,1.0,1.0,0.0,1.0,1.0,0.0,True,2021.06.03.17.06.58_veh-35_02571_02742,1,1622757072.300323,664428.1346306925,3998368.609481434,664428.6065991975,3998379.2390416176,0.0,0.08333333333333333,0.0
186,ba3bd0fad9e3fb6eb,1.0,0.0,1.0,1.0,1.0,1.0,1.0,0.0,0.0,True,2021.09.16.13.53.10_veh-42_00180_00342,1,1631800743.900833,589076.9609104445,4474647.477784529,589092.518801003,4474639.789258887,0.0,0.058823529411764705,0.0
187,f4f52070af5d450d0,1.0,0.0,0.0,1.0,1.0,1.0,1.0,0.0,0.0,True,2021.09.16.13.53.10_veh-42_00077_00153,1,1631800604.399551,589329.6860870175,4473880.069041574,589347.3474351113,4473892.882083661,0.0,0.1,0.0
188,c6c58dc45bd1123e3,1.0,1.0,1.0,1.0,0.4275860202868362,1.0,1.0,1.0,0.7955664358167273,True,2021.09.16.19.27.01_veh-45_01749_03230,1,1631822975.999569,588102.3906347117,4475442.911358217,588099.180971452,4475438.533357836,1.0,0.0,0.8211206313396363
189,3cf1a7b9d21da00c2,1.0,1.0,1.0,1.0,0.4037955171573279,1.0,0.0,1.0,0.6442126846990457,True,2021.10.06.08.16.17_veh-52_01949_02501,1,1633510504.200027,365568.55116064765,143103.5797407112,365570.463105783,143098.117305737,1.0,0.08333333333333333,0.688686099111665
190,1e15000d249448d21,0.0,1.0,1.0,1.0,1.0,0.0,1.0,1.0,0.0,True,2021.09.16.15.12.03_veh-42_01037_01434,1,1631806392.9996428,587597.1506782252,4475566.943931028,587576.7083150186,4475578.9932474485,0.0,2.6455051563719864e-54,0.0
191,3b57dcdd08ad03a39,1.0,1.0,1.0,1.0,0.8130402029783804,1.0,1.0,1.0,0.93322864392085,True,2021.09.16.16.20.27_veh-08_02435_02525,1,1631811848.199143,587477.1782432075,4475612.310012227,587475.9725941811,4475624.690661096,0.0,0.6404613592740422,0.8165750634307438
192,01b44b930266052c5,1.0,1.0,1.0,1.0,0.8343985282816337,1.0,1.0,1.0,0.9408566172434406,True,2021.10.06.07.26.10_veh-52_00422_00728,1,1633505925.199883,365444.16299445945,144278.9268521731,365413.1520337404,144305.72179488273,0.0,1.0841809678055873e-100,0.8232495400880105
193,7aa5cbd37497728d5,1.0,1.0,1.0,1.0,0.620083986027591,1.0,1.0,1.0,0.8643157092955682,True,2021.09.16.14.39.34_veh-42_00032_00186,1,1631803358.699646,589344.2818697583,4473890.832665043,589344.6966055873,4473899.478641619,0.0,0.0625,0.7562762456336222
194,c47485175a1a20fe8,0.0,0.0,0.0,1.0,1.0,0.0,0.0,1.0,0.0,True,2021.09.16.19.27.01_veh-45_01749_03230,1,1631823395.9997308,587688.1203053538,4475518.877082078,587670.4028962664,4475509.568704734,0.0,3.9951138142637584e-24,0.0
195,5d72351d0cf4540a5,1.0,1.0,1.0,1.0,0.0,1.0,1.0,1.0,0.6428571428571429,True,2021.09.29.14.44.26_veh-28_00337_00504,1,1632927209.799903,331066.5331229218,4690735.155029162,331066.5356710941,4690735.149654458,1.0,0.05263157894736842,0.6875
196,ee370f6df7c0912be,1.0,0.0,1.0,1.0,1.0,1.0,1.0,1.0,0.0,True,2021.09.16.13.53.10_veh-42_00077_00153,1,1631800604.399551,589345.4528966431,4473882.984182312,589347.1935670155,4473896.415488096,0.0,0.1,0.0
197,110d0d3e6fdd95bda,0.0,1.0,1.0,1.0,1.0,0.0,0.0,1.0,0.0,True,2021.05.25.14.26.37_veh-27_04122_04279,1,1621971543.399616,664458.5331577765,3997797.5396019896,664459.7112740523,3997781.852756243,1.0,3.615604925594379e-43,0.0
198,7878266af5a97d7ce,0.0,1.0,1.0,1.0,1.0,0.0,0.0,1.0,0.0,True,2021.05.25.14.26.37_veh-27_04122_04279,1,1621971542.899617,664462.7848576264,3997797.450376156,664461.5588094725,3997782.388924199,1.0,0.0022863355269582258,0.0
199,93bb489a18cbb6868,1.0,0.0,1.0,1.0,1.0,1.0,1.0,1.0,0.0,True,2021.09.16.19.27.01_veh-45_00472_00711,1,1631820946.4996898,588575.1067975975,4475627.452490759,588585.4896695038,4475600.817007961,0.0,2.8904034196781133e-93,0.0
200,903b3cc014d45619e,1.0,1.0,1.0,1.0,1.0,1.0,0.0,1.0,0.8571428571428571,True,2021.09.16.14.39.34_veh-42_00297_00935,1,1631803775.200522,587617.0047153773,4475942.411956945,587625.5477602656,4475955.383239301,1.0,0.07142857142857142,0.875
201,569fb4f27fe2509f7,1.0,1.0,1.0,1.0,0.6168937184674117,1.0,1.0,1.0,0.8631763280240756,True,2021.09.16.13.53.10_veh-42_00180_00342,1,1631800743.900833,589084.7097986692,4474645.935670902,589092.7402523633,4474640.736319111,0.0,0.058823529411764705,0.7552792870210662
202,cb5add2e1dd5aa638,1.0,1.0,1.0,1.0,0.43955885589747257,1.0,1.0,1.0,0.7998424485348117,True,2021.09.29.18.19.40_veh-28_00438_00833,1,1632940205.599778,331009.3336079813,4691176.1090391455,331005.6879090063,4691173.806587472,1.0,2.8188995724423177e-101,0.8248621424679602
203,fed773a2bcad8ee41,1.0,1.0,0.0,1.0,1.0,1.0,0.0,1.0,0.0,True,2021.10.06.08.16.17_veh-52_00181_00574,1,1633508612.700299,365568.37026006787,144054.8368026825,365569.524205071,144091.2494101272,1.0,6.133033660345256e-95,0.0
204,62b18a39075ffdaba,1.0,0.0,1.0,1.0,1.0,1.0,0.0,1.0,0.0,True,2021.10.06.07.26.10_veh-52_02208_02394,1,1633507574.7003539,365120.7546043088,144095.72140033756,365129.79405556334,144094.08878235472,1.0,1.6283653591786356e-07,0.0
205,cb9eb4dbe16a93d2e,1.0,1.0,1.0,1.0,0.5870239498381317,1.0,1.0,1.0,0.8525085535136184,True,2021.09.29.14.44.26_veh-28_00337_00504,1,1632927209.299624,331064.23111009435,4690747.682196484,331067.8253065709,4690739.241459133,0.0,0.05263157894736842,0.7459449843244161
206,e6d1e14cb2784e8d9,1.0,1.0,1.0,1.0,0.9281594118922125,1.0,1.0,1.0,0.9743426471043616,True,2021.10.06.07.26.10_veh-52_02208_02394,1,1633507574.1999419,365121.41111754824,144094.82785124675,365130.65929545526,144092.13558052233,1.0,4.274629301806348e-09,0.9775498162163164
207,34b9989a51da95af0,0.0,1.0,1.0,1.0,1.0,0.0,0.0,1.0,0.0,True,2021.09.29.19.02.14_veh-28_00540_00917,1,1632942930.299922,331496.18447120907,4690875.7387875235,331479.85212009784,4690887.948454854,1.0,4.5624519646969104e-27,0.0
208,223f276058256f999,1.0,1.0,1.0,1.0,0.689798029172426,1.0,0.0,1.0,0.7463564389901521,True,2021.09.29.19.02.14_veh-28_02451_02708,1,1632944719.2998989,330939.7620278001,4690157.185329342,330930.43454618705,4690135.068983079,0.0,0.05,0.6530618841163831
209,e4f6fd6cc0e09d70c,1.0,0.0,1.0,1.0,1.0,1.0,1.0,1.0,0.0,True,2021.09.16.14.39.34_veh-42_00297_00935,1,1631803774.699926,587610.6682543026,4475935.72231082,587624.5076439013,4475954.484254003,1.0,0.07142857142857142,0.0
210,5717f95b78bfe233e,1.0,1.0,1.0,1.0,1.0,1.0,1.0,1.0,1.0,True,2021.09.16.15.12.03_veh-42_01037_01434,1,1631806393.4995148,587582.1515720082,4475576.3646131735,587574.3872209371,4475579.384176494,1.0,4.944761419945989e-47,1.0
211,18c7e56e43eebb62f,1.0,1.0,0.0,1.0,0.9973927692356375,0.0,0.0,0.0,0.0,True,2021.09.16.16.20.27_veh-08_02435_02525,1,1631811848.199143,587500.066133749,4475608.078194368,587478.3148853665,4475618.586570533,0.0,4.186813068977558e-86,0.0
212,5b460729c6e5e42fd,1.0,1.0,1.0,1.0,0.007111914319283902,1.0,1.0,1.0,0.6453971122568871,True,2021.09.29.14.44.26_veh-28_00337_00504,1,1632927209.799903,331066.9127330028,4690736.644364389,331066.91916805046,4690736.620312718,1.0,0.05263157894736842,0.6897224732247762
213,4d65febaea8d3fd84,1.0,1.0,1.0,1.0,0.7468272318432244,1.0,0.0,1.0,0.7667240113725802,True,2021.08.30.16.16.44_veh-40_00779_01088,1,1630341159.500238,331663.23232488526,4690799.247789868,331669.1476489198,4690808.807711069,1.0,2.022321046573053e-156,0.7958835099510077
214,4533792bbf9b2478b,1.0,1.0,1.0,1.0,0.6809847800820767,1.0,1.0,1.0,0.886065992886456,True,2021.10.06.08.16.17_veh-52_01590_01725,1,1633509884.1999009,365794.3848379039,143328.18137594126,365789.6682189133,143348.21089889368,1.0,0.1111111111111111,0.900307743775649
215,68dc2b23bd498da89,1.0,1.0,1.0,1.0,0.9752745879605872,1.0,1.0,1.0,0.9911694957002097,True,2021.09.16.16.20.27_veh-08_02435_02525,1,1631811847.6994588,587479.8237287661,4475614.237913308,587476.0798007322,4475626.0960984165,0.0,0.00041571418120001563,0.8672733087376835
216,fb8289807a1b275b3,1.0,1.0,1.0,1.0,1.0,1.0,0.0,1.0,0.8571428571428571,True,2021.08.30.16.16.44_veh-40_00779_01088,1,1630341160.000258,331664.43984691484,4690798.19337908,331667.87392695993,4690805.306822907,1.0,4.918872656840984e-127,0.875
217,2e0773dd81838320f,1.0,1.0,1.0,1.0,0.8317279339547292,1.0,0.0,1.0,0.7970456906981175,True,2021.09.16.19.49.00_veh-42_00990_01609,1,1631823439.4997048,587715.2026612683,4475870.865689712,587695.0107460185,4475883.8190643275,1.0,1.8367151296789358e-22,0.8224149793608528
218,eb251433c13f5a4f2,1.0,0.0,0.0,1.0,1.0,1.0,0.0,1.0,0.0,True,2021.09.16.13.53.10_veh-42_00077_00153,1,1631800604.8992178,589326.6310294549,4473876.388862801,589343.793467729,4473887.717611547,0.0,0.1,0.0
219,8dd4aa8138b3d9500,0.0,1.0,1.0,0.0,1.0,0.0,1.0,1.0,0.0,True,2021.09.29.18.19.40_veh-28_01268_01685,1,1632941223.59972,331418.99598428723,4690924.312377304,331379.2721640165,4690950.53085312,1.0,2.4898715683457666e-61,0.0
220,3db39c7599f58de4d,1.0,0.0,1.0,1.0,1.0,1.0,0.0,0.0,0.0,True,2021.09.16.14.39.34_veh-42_00297_00935,1,1631803775.200522,587619.5022668957,4475951.589500946,587631.5141363706,4475957.799290189,0.0,0.07142857142857142,0.0
221,90b96d597a7a1dd74,1.0,1.0,1.0,1.0,0.6797583875657719,1.0,1.0,1.0,0.8856279955592042,True,2021.09.29.18.19.40_veh-28_01268_01685,1,1632941223.59972,331376.75539143133,4690952.186895739,331364.0463602099,4690960.060286041,0.0,0.0,0.7749244961143037
222,2bac8b14908f94a2b,1.0,1.0,0.0,1.0,0.813068877686728,1.0,0.0,1.0,0.0,True,2021.10.06.07.26.10_veh-52_01245_02064,1,1633506717.6997159,365041.92561621673,143040.65871112703,365053.9755026519,143021.46276797273,1.0,5.951205839885332e-19,0.0
223,50efe42947fa108c7,1.0,1.0,1.0,1.0,0.7086487988049848,1.0,1.0,1.0,0.8959459995732088,True,2021.06.03.17.06.58_veh-35_02571_02742,1,1622757072.300323,664430.134167542,3998375.910063449,664430.0713076228,3998380.706591203,1.0,0.08333333333333333,0.9089527496265577
224,cdcb9b51f99934711,1.0,1.0,0.5,1.0,0.9806359655877718,1.0,0.0,1.0,0.42511356528353067,True,2021.10.06.07.26.10_veh-52_01245_02064,1,1633506717.6997159,365057.3929938364,143022.1715336726,365065.09905347315,143014.14396271275,0.0,0.0,0.37197436962308933
225,6eb14c57428cd1ec1,1.0,1.0,1.0,1.0,0.9387138368603005,1.0,1.0,1.0,0.9781120845929644,True,2021.09.16.19.49.00_veh-42_00990_01609,1,1631823439.4997048,587729.2816640579,4475860.49653334,587699.112818836,4475880.836329457,1.0,3.3943396695213237e-18,0.9808480740188439
226,f07be583867d7e867,0.0,0.0,0.0,1.0,1.0,0.0,0.0,1.0,0.0,True,2021.09.16.19.27.01_veh-45_01749_03230,1,1631822442.499192,587611.9734022202,4475936.135493267,587627.9815320852,4475955.704635556,0.0,0.07142857142857142,0.0
227,aa6de707b22dadf30,1.0,0.0,1.0,1.0,1.0,1.0,0.0,1.0,0.0,True,2021.09.16.13.53.10_veh-42_01510_01591,1,1631802035.8997738,589001.838816672,4474765.123702024,588977.6730956533,4474811.690086489,1.0,0.14285714285714285,0.0
228,04fdae6a66181ea6f,1.0,0.0,1.0,1.0,1.0,1.0,0.0,1.0,0.0,True,2021.08.16.14.23.37_veh-45_00015_00132,1,1629124021.9999518,589027.4223394397,4474703.325062192,589029.7673320087,4474679.342069571,1.0,1.0183173914124906e-241,0.0
229,73eec9539b3994724,1.0,1.0,0.0,1.0,1.0,1.0,0.0,1.0,0.0,True,2021.09.16.19.49.00_veh-42_00990_01609,1,1631823439.4997048,587735.2437554657,4475860.317915842,587700.3213399525,4475882.539501278,1.0,1.1658407488609686e-44,0.0
230,548f3a3e3c14a9e80,1.0,1.0,0.0,1.0,1.0,1.0,0.0,1.0,0.0,True,2021.09.16.13.53.10_veh-42_00180_00342,1,1631800743.400754,589054.4030715342,4474645.575962385,589081.7393061521,4474644.087985475,0.0,3.570688234251313e-300,0.0
231,583a61a4880467bf7,1.0,1.0,1.0,1.0,0.7334878428832301,1.0,1.0,1.0,0.9048170867440107,True,2021.10.06.08.16.17_veh-52_01590_01725,1,1633509884.699713,365794.1421316686,143330.28643290687,365789.23141821986,143347.29628672832,0.0,0.1111111111111111,0.7917149509010094
232,014c92e4c2718adf8,1.0,1.0,1.0,1.0,0.1743018647457188,1.0,1.0,1.0,0.7051078088377567,True,2021.10.06.07.26.10_veh-52_01245_02064,1,1633507080.700362,365177.3071025792,143541.49227472147,365176.2104892145,143539.27357870596,0.0,0.0,0.6169693327330371
233,f74297ce90b621563,1.0,1.0,1.0,1.0,0.0,1.0,1.0,1.0,0.6428571428571429,True,2021.10.06.08.16.17_veh-52_00181_00574,1,1633508612.700299,365577.41354187566,144106.0325626913,365577.4146020803,144106.03279488086,1.0,9.700186899294066e-275,0.6875
234,bf56d797d033f36bd,1.0,1.0,1.0,1.0,1.0,1.0,1.0,1.0,1.0,True,2021.09.16.19.27.01_veh-45_01749_03230,1,1631822975.999569,588096.5053998904,4475455.05997766,588099.8481793256,4475440.620783514,0.0,0.0,0.875
235,3ded0591b23a7df67,1.0,0.0,1.0,1.0,0.9391269711529884,1.0,1.0,1.0,0.0,True,2021.09.16.14.39.34_veh-42_00032_00186,1,1631803358.199913,589340.6984540783,4473887.32359095,589344.5626334889,4473899.947197469,0.0,3.028370739365441e-96,0.0
236,cd53b47b7ab39ebeb,1.0,0.0,1.0,1.0,0.5889839062238037,1.0,1.0,1.0,0.0,True,2021.09.29.19.02.14_veh-28_02451_02708,1,1632944719.2998989,330937.41201220045,4690147.459206803,330930.114492795,4690133.767218691,0.0,0.05,0.0
237,9feb421ac284e987e,1.0,1.0,1.0,1.0,0.5694507997063588,1.0,1.0,1.0,0.8462324284665568,True,2021.10.06.07.26.10_veh-52_00422_00728,1,1633505924.7000349,365406.85998079705,144309.96877902158,365399.1034757,144315.0179554116,0.0,3.7686016244544553e-121,0.7404533749082371
238,4923ab814b3842354,1.0,1.0,1.0,1.0,0.7277043011483402,1.0,1.0,1.0,0.9027515361244072,True,2021.09.29.18.19.40_veh-28_00438_00833,1,1632940205.599778,331015.785448596,4691177.785800176,331008.2900490873,4691174.596969305,1.0,3.772318510962535e-38,0.9149075941088562
239,5fe5ada2e768e26b3,0.0,1.0,1.0,1.0,1.0,0.0,0.0,1.0,0.0,True,2021.05.25.14.26.37_veh-27_04122_04279,1,1621971543.399616,664460.4773168585,3997798.562725309,664461.906612691,3997785.4617589694,1.0,0.02046801228082019,0.0
240,4aabb029fe206ec39,0.0,1.0,1.0,1.0,1.0,0.0,1.0,1.0,0.0,True,2021.09.29.18.19.40_veh-28_01268_01685,1,1632941224.099604,331410.9082723654,4690929.356662203,331380.2589337613,4690950.466168231,1.0,8.948837756147608e-38,0.0
241,568447ab7f82a5918,1.0,0.0,0.0,1.0,1.0,1.0,0.0,1.0,0.0,True,2021.09.16.19.12.04_veh-42_00289_00398,1,1631820167.999814,589019.430858996,4474724.093631888,589026.7244628714,4474690.157581937,1.0,2.709461673624752e-143,0.0
242,57b584425e87975ce,1.0,1.0,0.0,1.0,1.0,1.0,0.0,0.0,0.0,True,2021.09.16.19.49.00_veh-42_00990_01609,1,1631823439.4997048,587717.1100471527,4475871.106307086,587696.0809126783,4475884.4773417385,0.0,8.250438491675261e-30,0.0
243,76caf6deea5aff60c,1.0,1.0,1.0,1.0,0.8645285010829037,1.0,1.0,1.0,0.9516173218153227,True,2021.09.16.15.12.03_veh-42_01037_01434,1,1631806392.9996428,587581.0716588834,4475576.817186201,587574.3897837342,4475579.383315797,1.0,2.663632534083538e-115,0.9576651565884073
244,c5bf49e3aca8b3adb,1.0,1.0,1.0,1.0,0.5093797333540753,1.0,1.0,1.0,0.824778476197884,True,2021.10.06.08.16.17_veh-52_01949_02501,1,1633510504.200027,365567.6887682248,143109.886517123,365571.0194203544,143100.37298517258,0.0,0.08333333333333333,0.7216811666731485
245,16d22cc23e0b4cce8,0.0,0.0,0.0,1.0,1.0,0.0,0.0,0.0,0.0,True,2021.09.16.19.27.01_veh-45_01749_03230,1,1631823395.9997308,587690.881661849,4475527.811028501,587670.077868255,4475511.281192062,0.0,7.842726563506981e-22,0.0
246,1f8006333fa33abf2,0.0,1.0,1.0,0.0,1.0,0.0,0.0,1.0,0.0,True,2021.09.29.18.19.40_veh-28_01268_01685,1,1632941224.099604,331421.00486583164,4690923.953074584,331383.6381297611,4690949.250197684,0.0,7.446674274378343e-133,0.0
247,423fdbe39c764f2e2,1.0,1.0,1.0,1.0,0.602499945619332,1.0,1.0,1.0,0.8580356948640472,True,2021.09.16.19.27.01_veh-45_00472_00711,1,1631820946.4996898,588582.9168360943,4475606.950602524,588590.6062643214,4475594.873296949,0.0,0.0,0.7507812330060413
248,a2d247bf6cbf13f7c,0.0,1.0,1.0,1.0,1.0,0.0,1.0,1.0,0.0,True,2021.05.25.14.26.37_veh-27_04122_04279,1,1621971543.399616,664459.7242222304,3997809.8029296612,664460.1007535772,3997786.275797189,1.0,0.9753965613149252,0.0
249,4410c6e64d170360d,0.0,0.0,0.5,1.0,1.0,0.0,1.0,1.0,0.0,True,2021.09.16.13.53.10_veh-42_00077_00153,1,1631800604.399551,589329.444895725,4473885.750418994,589344.5348018587,4473889.059266893,0.0,0.1,0.0
250,974e05c39e876c78a,1.0,1.0,1.0,1.0,0.4164464845288518,1.0,0.0,1.0,0.6487308873317328,True,2021.10.06.08.16.17_veh-52_01949_02501,1,1633510503.699663,365568.433445131,143107.46006353266,365571.3948096378,143099.0935347072,0.0,0.08333333333333333,0.5676395264152662
251,3b2fcd8bf613ba28f,1.0,1.0,1.0,1.0,0.4976383706656995,1.0,0.0,1.0,0.6777279895234641,True,2021.08.30.16.16.44_veh-40_00779_01088,1,1630341159.500238,331665.5719800865,4690802.287040369,331668.9413521507,4690807.938802664,1.0,6.150358195576405e-127,0.7180119908330311
252,1a8fcc346a063b55c,0.0,1.0,1.0,1.0,1.0,0.0,1.0,1.0,0.0,True,2021.06.03.12.02.06_veh-35_00233_00609,1,1622736827.501288,664199.6829818683,3997423.0889039775,664213.1151758466,3997420.401461753,0.0,0.14285714285714285,0.0
253,b84a6cb8bfc991ad3,0.0,0.0,0.5,1.0,1.0,0.0,0.0,1.0,0.0,True,2021.06.28.20.24.43_veh-38_03385_04952,1,1624916003.099648,664868.0829573608,3999620.272200893,664856.726010065,3999604.502518479,1.0,0.08333333333333333,0.0
254,94787bba8c2128445,0.0,0.0,1.0,1.0,1.0,0.0,0.0,0.0,0.0,True,2021.09.16.16.20.27_veh-08_02435_02525,1,1631811847.6994588,587506.5625850622,4475599.983748484,587477.8403562128,4475615.516989379,0.0,9.497727133422207e-195,0.0
255,6e1dbb531aa7e9555,1.0,0.0,1.0,1.0,0.6474065209087977,1.0,0.0,1.0,0.0,True,2021.08.16.14.23.37_veh-45_00015_00132,1,1629124021.9999518,589026.904926017,4474695.88447103,589028.4529693672,4474678.945828129,1.0,5.052970883641105e-253,0.0
256,58bf2e385090a00e8,1.0,1.0,1.0,1.0,0.38983723041140217,1.0,0.0,1.0,0.6392275822897864,True,2021.10.06.08.16.17_veh-52_01949_02501,1,1633510503.699663,365568.59856740956,143106.88064206703,365571.3948096378,143099.0935347072,0.0,0.08333333333333333,0.5593241345035631
257,fd5d539436f5c5e86,1.0,1.0,1.0,1.0,0.6037884735630309,1.0,1.0,1.0,0.8584958834153681,True,2021.09.29.14.44.26_veh-28_00337_00504,1,1632927209.799903,331064.0661833687,4690748.081031639,331068.1054875739,4690740.127228991,0.0,0.05263157894736842,0.7511838979884471
258,81a1a5d071b2c2a11,0.0,0.0,1.0,1.0,1.0,0.0,0.0,1.0,0.0,True,2021.09.29.18.19.40_veh-28_00438_00833,1,1632940205.599778,331027.1984920065,4691185.654973277,331013.8604274957,4691178.509620652,1.0,1.4102092208489252e-11,0.0
259,f118de263d56644de,1.0,1.0,1.0,1.0,1.0,0.0,1.0,1.0,0.6428571428571429,True,2021.09.16.16.20.27_veh-08_02435_02525,1,1631811847.6994588,587492.5336713479,4475608.140736699,587476.6894926773,4475620.65550504,0.0,8.415962222722313e-39,0.5625
260,cdf1706038e1c4e1c,1.0,0.0,1.0,1.0,0.8462605465470316,1.0,0.0,1.0,0.0,True,2021.09.16.19.27.01_veh-45_00472_00711,1,1631820947.000062,588579.9239654749,4475613.819166085,588589.5730271145,4475597.415744755,0.0,0.0,0.0
261,239cac6c74f4f0bd4,1.0,0.0,1.0,1.0,1.0,1.0,1.0,1.0,0.0,True,2021.09.16.19.27.01_veh-45_00472_00711,1,1631820947.000062,588574.5545431497,4475632.584561153,588583.056056882,4475603.96036132,0.0,6.400386413869144e-131,0.0
262,1e90f84f7e7bca603,0.0,0.0,1.0,1.0,1.0,0.0,1.0,1.0,0.0,True,2021.09.16.13.53.10_veh-42_00077_00153,1,1631800604.8992178,589333.1350451923,4473884.993055846,589345.7480544922,4473892.774779292,1.0,0.1,0.0
263,4d43428f5f573b6b1,1.0,0.0,1.0,1.0,0.9878028042695627,1.0,1.0,1.0,0.0,True,2021.09.16.19.27.01_veh-45_00472_00711,1,1631820946.4996898,588573.4886265476,4475643.340487464,588584.9740291738,4475603.011493191,0.0,1.072294568146651e-42,0.0
264,693313e8d44aa5fd8,1.0,1.0,1.0,1.0,0.49078824311301245,1.0,1.0,1.0,0.8181386582546474,True,2021.09.29.18.19.40_veh-28_01268_01685,1,1632941223.59972,331375.4786395157,4690954.074378046,331367.0038841183,4690958.821908536,0.0,2.686966019959829e-189,0.7158713259728164
265,2beda3235f74c6edb,1.0,1.0,1.0,1.0,0.3022725476026563,1.0,0.0,1.0,0.6079544812866631,True,2021.10.06.07.26.10_veh-52_02208_02394,1,1633507574.1999419,365131.9607560592,144092.79335751987,365134.41524941724,144091.5441660458,0.0,5.253949838144851e-68,0.5319601711258302
266,92fd62b816fa1435c,1.0,1.0,0.5,1.0,1.0,1.0,0.0,1.0,0.42857142857142855,True,2021.09.16.14.39.34_veh-42_00297_00935,1,1631803774.699926,587620.4311915354,4475949.05342756,587629.4541981826,4475957.699918112,1.0,0.07142857142857142,0.4375
267,cc5c74bb358203037,1.0,0.0,0.0,1.0,1.0,1.0,0.0,1.0,0.0,True,2021.09.29.19.02.14_veh-28_02451_02708,1,1632944719.799715,330951.23787781113,4690169.44701008,330934.65614908293,4690141.3057634,1.0,0.05,0.0
268,757cbf6c460160db5,0.0,1.0,0.5,1.0,1.0,0.0,1.0,1.0,0.0,True,2021.09.29.14.44.26_veh-28_01202_01296,1,1632927927.299737,331512.40359712637,4690837.13738049,331507.0011003736,4690824.348439121,1.0,1.0518871882374565e-10,0.0
269,1b26aaf90ef14383f,0.0,1.0,1.0,1.0,1.0,0.0,1.0,1.0,0.0,True,2021.09.16.19.27.01_veh-45_01749_03230,1,1631823395.4999728,587677.1741072148,4475515.509978945,587663.4640180356,4475513.569876276,1.0,0.48318422128463256,0.0
270,404bfe24cd4dfebb4,0.0,1.0,1.0,1.0,1.0,0.0,1.0,1.0,0.0,True,2021.09.29.14.44.26_veh-28_01202_01296,1,1632927926.799834,331514.1991593767,4690836.733212491,331506.6728428396,4690823.190380114,1.0,6.246323673239056e-14,0.0
271,2b91925294ab78999,0.0,0.0,0.5,1.0,1.0,0.0,0.0,1.0,0.0,True,2021.09.29.18.19.40_veh-28_00438_00833,1,1632940206.099712,331027.64815688704,4691185.715840219,331015.55197001767,4691179.138050361,1.0,0.5929084593186437,0.0
272,10e6f976d1a03f693,1.0,1.0,1.0,1.0,0.5281916609429022,1.0,1.0,1.0,0.8314970217653223,True,2021.09.16.19.12.04_veh-42_00289_00398,1,1631820167.499603,589027.6941072188,4474691.337248191,589028.7083412574,4474679.994024863,0.0,0.0,0.7275598940446569
273,19f37ab0ecf15f254,1.0,0.0,1.0,1.0,1.0,1.0,0.0,1.0,0.0,True,2021.09.29.19.02.14_veh-28_00540_00917,1,1632942930.799655,331488.6273704075,4690877.238045579,331477.3754256321,4690889.470490586,1.0,0.9998666981070357,0.0
274,c2f99f2f74ef541cb,1.0,0.0,1.0,1.0,1.0,1.0,0.0,1.0,0.0,True,2021.09.16.13.53.10_veh-42_01510_01591,1,1631802036.400076,588995.3681576473,4474778.789944672,588978.1907654078,4474809.929696515,0.0,0.14285714285714285,0.0
275,6f23cf03f94e36b89,1.0,0.0,1.0,1.0,0.6894094675959278,1.0,1.0,1.0,0.0,True,2021.09.16.19.12.04_veh-42_00289_00398,1,1631820167.999814,589027.3476181848,4474694.127548298,589028.6405590049,4474681.333676784,0.0,0.0,0.0
276,97d9f320cc65aac2b,1.0,1.0,1.0,1.0,1.0,1.0,0.0,1.0,0.8571428571428571,True,2021.08.30.16.16.44_veh-40_00779_01088,1,1630341159.500238,331663.9817776736,4690797.8481924655,331668.2082366865,4690806.214421052,1.0,2.6375032495938627e-73,0.875
277,67937388005952f7f,1.0,1.0,1.0,1.0,0.4590528317864232,1.0,1.0,1.0,0.8068045827808655,True,2021.10.06.08.16.17_veh-52_00181_00574,1,1633508612.700299,365570.5797376986,144096.07296023483,365573.24368843477,144101.48250787435,0.0,1.219461939634519e-53,0.7059540099332573
278,1afa1d77d3954125e,1.0,1.0,1.0,1.0,0.95162870621665,1.0,0.0,1.0,0.839867395077375,True,2021.10.06.07.26.10_veh-52_01245_02064,1,1633507080.2000868,365194.17197711795,143579.2255820742,365179.3672611045,143547.2649500624,1.0,0.9120881742430357,0.8598839706927031
279,f6557e9f386193dfc,1.0,1.0,1.0,1.0,0.005760034643714334,1.0,1.0,1.0,0.6449142980870407,True,2021.09.29.14.44.26_veh-28_00337_00504,1,1632927209.299624,331068.59100045246,4690736.161865134,331068.5903426851,4690736.149482636,0.0,0.05263157894736842,0.5643000108261607
280,2160f6e5d4720f94b,1.0,1.0,0.5,1.0,1.0,1.0,0.0,1.0,0.42857142857142855,True,2021.08.16.14.23.37_veh-45_00015_00132,1,1629124021.9999518,589024.4149763294,4474706.919499597,589028.3364611919,4474681.438093664,1.0,2.2725753590784564e-149,0.4375
281,942c13a25166d5723,1.0,1.0,1.0,1.0,0.026012529265794473,1.0,1.0,1.0,0.6521473318806409,True,2021.10.06.08.16.17_veh-52_00181_00574,1,1633508612.700299,365575.18916752725,144104.4787243791,365575.19757258275,144104.4833646361,0.0,2.345305206793097e-159,0.5706289153955608
282,6d0d47e6df17b8442,1.0,1.0,1.0,1.0,0.9691849420342905,1.0,1.0,1.0,0.9889946221551037,True,2021.09.16.19.27.01_veh-45_01749_03230,1,1631822975.4997919,588076.7069306027,4475480.323341098,588096.9699279693,4475450.798206761,0.0,0.7095035958976995,0.8653702943857158
283,980cc797db6c51c02,1.0,1.0,1.0,1.0,0.9104775357778718,1.0,1.0,1.0,0.96802769134924,True,2021.08.30.14.54.34_veh-40_00439_00835,1,1630336066.500321,331726.57854689466,4690906.4394427,331737.9159679831,4690925.301932497,1.0,8.825336386976004e-10,0.972024229930585
284,61437c5a9910331f6,1.0,1.0,1.0,1.0,1.0,1.0,0.0,1.0,0.8571428571428571,True,2021.09.16.14.39.34_veh-42_01111_01448,1,1631804389.199903,587582.5728922829,4475692.045108132,587587.2799024745,4475689.935548434,0.0,0.1,0.75
285,fdc9de263e1f28cd8,0.0,1.0,1.0,1.0,1.0,0.0,1.0,1.0,0.0,True,2021.09.16.14.39.34_veh-42_01111_01448,1,1631804389.199903,587579.1643281066,4475691.811702859,587589.2334127327,4475688.270237941,1.0,0.1,0.0
286,7712653347183e698,1.0,1.0,1.0,1.0,0.8650652595247893,1.0,0.0,1.0,0.8089518784017103,True,2021.06.28.20.24.43_veh-38_03385_04952,1,1624916002.599906,664856.6020537553,3999603.9783657854,664851.1972300931,3999594.249704712,1.0,1.1615081627674306e-153,0.8328328936014966
287,07f4044fd390149ba,1.0,1.0,1.0,1.0,1.0,1.0,0.0,1.0,0.8571428571428571,True,2021.09.16.14.39.34_veh-42_01111_01448,1,1631804388.699858,587584.16733164,4475688.267751529,587587.3937473081,4475687.73861124,1.0,0.1,0.875
288,1b844c67dec9fe5a6,1.0,1.0,1.0,1.0,0.7256214761319778,1.0,1.0,1.0,0.902007670047135,True,2021.09.29.19.02.14_veh-28_02451_02708,1,1632944719.799715,330947.9540203415,4690168.687942435,330933.8636529049,4690144.107654289,0.0,0.05,0.7892567112912431
289,d18a444ba754870e9,1.0,0.0,0.0,1.0,1.0,1.0,0.0,1.0,0.0,True,2021.08.16.14.23.37_veh-45_00015_00132,1,1629124021.9999518,589018.307587849,4474727.813814626,589027.0976127067,4474690.079703393,1.0,0.9992541806572676,0.0
290,515197f50a14bc2fc,1.0,1.0,1.0,1.0,0.9832336128082919,1.0,0.0,1.0,0.8511548617172471,True,2021.10.06.07.26.10_veh-52_01245_02064,1,1633507080.2000868,365196.1023203442,143582.39075570766,365180.5053233258,143548.6445575007,1.0,6.458023955164804e-11,0.8697605040025912
291,5f69ad192f42e1e35,1.0,1.0,1.0,1.0,0.6779306330085355,1.0,1.0,1.0,0.884975226074477,True,2021.10.06.08.16.17_veh-52_01590_01725,1,1633509884.1999009,365793.403794934,143331.5813450312,365789.2181638914,143349.24573051336,0.0,0.1111111111111111,0.7743533228151673
292,c9b6f0f21e11dae54,1.0,1.0,1.0,1.0,0.7142177858380685,1.0,0.0,1.0,0.755077780656453,True,2021.10.06.07.26.10_veh-52_00422_00728,1,1633505924.7000349,365418.29706965433,144300.38814293517,365402.0602407815,144313.79587605377,0.0,5.661510988457925e-44,0.6606930580743964
293,d33fcf041654db4d0,1.0,1.0,1.0,1.0,0.6715416314715091,1.0,0.0,1.0,0.7398362969541105,True,2021.10.06.07.26.10_veh-52_02208_02394,1,1633507574.1999419,365130.5986426081,144092.83060385069,365136.37791493564,144090.41870717728,1.0,4.43760011429333e-134,0.7723567598348466
294,bb662cb22384c44c1,1.0,1.0,1.0,1.0,0.13148414603775108,1.0,1.0,1.0,0.689815766442054,True,2021.09.16.19.27.01_veh-45_01749_03230,1,1631822975.4997919,588100.1422319853,4475439.729763736,588099.142750441,4475438.490315512,1.0,5.13271661240643e-287,0.7285887956367972
295,be29b04863547d0c1,0.0,1.0,1.0,1.0,1.0,0.0,1.0,1.0,0.0,True,2021.09.16.16.20.27_veh-08_02435_02525,1,1631811847.6994588,587492.8598887556,4475605.685654108,587476.5679572658,4475618.209842791,0.0,1.21354094913317e-95,0.0
296,618e08d8da0ee9129,0.0,0.0,1.0,1.0,1.0,0.0,0.0,1.0,0.0,True,2021.09.16.19.27.01_veh-45_01749_03230,1,1631823395.4999728,587680.8495770484,4475524.17365559,587666.4442231383,4475513.313938462,1.0,1.3579330696684817e-17,0.0
297,0f32999a6e12e6b4f,0.0,1.0,1.0,1.0,1.0,0.0,0.0,1.0,0.0,True,2021.05.25.14.26.37_veh-27_04122_04279,1,1621971543.399616,664458.0777424063,3997788.6777831856,664460.3082920036,3997780.7256400394,1.0,9.836563331270078e-65,0.0
298,72decd6302c88fdf2,0.5,0.0,0.0,1.0,1.0,0.0,0.0,1.0,0.0,True,2021.09.16.19.27.01_veh-45_01749_03230,1,1631822442.499192,587608.9557470486,4475942.417154444,587629.4104813033,4475957.666438022,0.0,0.07142857142857142,0.0
299,c672054b9f22ca68b,1.0,0.0,1.0,1.0,1.0,1.0,0.0,1.0,0.0,True,2021.09.16.13.53.10_veh-42_01510_01591,1,1631802036.400076,588981.1708109087,4474805.420422408,588973.7421257759,4474819.552794473,0.0,0.14285714285714285,0.0
300,d38c4af1d199d57d9,0.0,0.0,1.0,1.0,1.0,0.0,0.0,1.0,0.0,True,2021.10.06.07.26.10_veh-52_00006_00398,1,1633505271.7001848,364941.8961016567,143485.22875356022,364954.1270726564,143500.57571239516,0.0,9.063124822161221e-27,0.0
301,25e23d201bebf3f7f,1.0,1.0,1.0,1.0,0.7945999211522222,1.0,0.0,0.0,0.6409285432686508,True,2021.09.29.14.44.26_veh-28_00337_00504,1,1632927209.799903,331052.1498318306,4690758.230325296,331065.4879834419,4690743.975280588,0.0,0.05263157894736842,0.5608124753600694
302,fb487048e0748febd,0.0,1.0,1.0,1.0,1.0,0.0,0.0,1.0,0.0,True,2021.06.28.20.24.43_veh-38_03385_04952,1,1624916003.099648,664861.0295387652,3999613.828549096,664854.2648768307,3999600.5842236606,1.0,0.08333333333333333,0.0
303,fff9b31e14a7c9885,1.0,1.0,1.0,1.0,0.7787495464057973,1.0,0.0,1.0,0.7781248380020704,True,2021.09.16.14.39.34_veh-42_00032_00186,1,1631803358.699646,589345.042476367,4473896.1111217905,589343.0479171788,4473904.494493482,1.0,0.0625,0.8058592332518116
304,d259b8e83d8d206fe,1.0,1.0,1.0,1.0,1.0,1.0,0.0,1.0,0.8571428571428571,True,2021.10.06.07.26.10_veh-52_01245_02064,1,1633507080.700362,365205.76537550933,143605.01196655782,365184.8340587499,143557.33677633214,1.0,1.2299262426513124e-131,0.875
305,92ad1ee3b8c3a8859,1.0,0.0,0.5,1.0,0.9452978604432283,1.0,1.0,1.0,0.0,True,2021.08.30.16.16.44_veh-40_00779_01088,1,1630341159.500238,331643.11559265264,4690787.763570383,331664.55584748054,4690800.203504195,0.0,0.006792310528972262,0.0
306,0120638e7b2bd0bdf,0.0,1.0,1.0,1.0,1.0,0.0,1.0,1.0,0.0,True,2021.09.29.18.19.40_veh-28_01268_01685,1,1632941223.59972,331402.2573828032,4690936.390119995,331373.9500515177,4690954.261587006,1.0,0.999974201742863,0.0
307,9e1b38c16d0ece554,1.0,1.0,1.0,1.0,0.1502190380858669,1.0,1.0,1.0,0.6965067993163812,True,2021.06.28.20.24.43_veh-38_03385_04952,1,1624916002.599906,664850.8251056426,3999591.991554797,664849.961558167,3999590.720288883,1.0,4.1631e-319,0.7344434494018335
308,c9ec6104d455f3e47,0.0,0.0,0.5,1.0,1.0,0.0,0.0,1.0,0.0,True,2021.10.06.07.26.10_veh-52_00006_00398,1,1633505271.7001848,364929.13900822774,143471.40706207737,364954.3960739534,143496.217559104,0.0,1.66278561895752e-103,0.0
309,5415935ab116cd94f,1.0,1.0,1.0,1.0,0.6554087183146415,1.0,1.0,1.0,0.876931685112372,True,2021.10.06.07.26.10_veh-52_00422_00728,1,1633505924.7000349,365413.3057215736,144304.4237522194,365400.1470835493,144316.66425741566,0.0,2.9857118099378313e-136,0.7673152244733255
310,99dc5d64b209fb23b,0.0,1.0,1.0,1.0,1.0,0.0,0.0,1.0,0.0,True,2021.06.28.20.24.43_veh-38_03385_04952,1,1624916002.599906,664861.2510488487,3999614.005950721,664853.3752414202,3999598.7540715653,1.0,9.933906066947372e-26,0.0
311,6407b45b597b1c340,1.0,1.0,1.0,1.0,1.0,1.0,1.0,1.0,1.0,True,2021.09.16.14.39.34_veh-42_00297_00935,1,1631803774.699926,587617.0937993228,4475943.982313316,587626.9413537945,4475956.250127631,1.0,0.07142857142857142,1.0
312,a244e51837aaa9bc4,1.0,1.0,1.0,1.0,1.0,1.0,0.0,1.0,0.8571428571428571,True,2021.10.06.08.16.17_veh-52_00181_00574,1,1633508612.700299,365569.7127586782,144090.6879235137,365572.2822738124,144101.70826519508,1.0,5.232140431301576e-43,0.875
313,8266f573d47606b3f,0.0,1.0,1.0,1.0,1.0,0.0,0.0,1.0,0.0,True,2021.06.03.17.06.58_veh-35_02571_02742,1,1622757072.300323,664428.9819011055,3998359.7653000974,664429.0296775155,3998375.6000912255,1.0,0.08333333333333333,0.0
314,e7f8c99f8df8cf65b,0.0,1.0,1.0,1.0,1.0,0.0,1.0,1.0,0.0,True,2021.09.16.15.12.03_veh-42_01037_01434,1,1631806392.9996428,587592.8935701745,4475571.290983798,587579.9348353905,4475578.905083671,1.0,5.690579419579561e-13,0.0
315,2e5a54d80147f955d,1.0,1.0,1.0,1.0,0.6862477566479663,1.0,0.0,1.0,0.7450884845171307,True,2021.09.16.14.39.34_veh-42_00297_00935,1,1631803774.699926,587627.4070183352,4475958.715416231,587635.0635305285,4475957.838496594,0.0,0.07142857142857142,0.6519524239524894
316,b05df43ae389b79eb,1.0,0.0,1.0,1.0,1.0,1.0,1.0,1.0,0.0,True,2021.09.16.19.27.01_veh-45_00472_00711,1,1631820946.4996898,588574.0119636508,4475639.25335134,588584.8867550791,4475601.308596187,0.0,8.490552637871797e-74,0.0
317,9c47bf4ba9db25f5d,0.0,1.0,1.0,1.0,1.0,0.0,1.0,1.0,0.0,True,2021.06.28.16.29.11_veh-38_03263_03766,1,1624901429.299944,664421.6308765376,3997340.952195773,664424.6372245776,3997345.6149994438,0.0,0.14285714285714285,0.0
318,47fd69d104912e67a,1.0,0.0,1.0,1.0,0.16036786580112955,1.0,1.0,1.0,0.0,True,2021.06.28.20.24.43_veh-38_03385_04952,1,1624916003.099648,664852.0297322739,3999593.238790309,664851.1082768427,3999591.9263753444,0.0,0.08333333333333333,0.0
319,67ceda29f620bb598,0.0,1.0,1.0,1.0,1.0,0.0,1.0,1.0,0.0,True,2021.06.03.12.02.06_veh-35_00233_00609,1,1622736827.501288,664197.3753402086,3997425.405245493,664211.7285427327,3997421.2306634425,0.0,0.14285714285714285,0.0
320,dcf0be9d22af78eca,1.0,1.0,1.0,1.0,0.5344530985852166,1.0,1.0,1.0,0.8337332494947203,True,2021.09.16.14.39.34_veh-42_00032_00186,1,1631803358.699646,589347.6497228158,4473893.987401649,589345.8585835899,4473900.226007201,0.0,0.0625,0.7295165933078802
321,1f607fe68e3fc6846,0.0,1.0,1.0,1.0,1.0,0.0,1.0,1.0,0.0,True,2021.09.16.19.27.01_veh-45_01749_03230,1,1631823395.4999728,587682.2423184353,4475520.213670231,587666.3625097923,4475511.44144512,0.0,6.84947848625925e-19,0.0
322,e5e0959cfd16213ca,0.0,0.0,1.0,1.0,1.0,0.0,0.0,1.0,0.0,True,2021.10.06.07.26.10_veh-52_00006_00398,1,1633505271.7001848,364935.764671794,143477.10609836748,364954.80785065156,143497.54874773513,0.0,4.0958587711688875e-66,0.0
323,2ec229f35727f71c8,1.0,1.0,1.0,1.0,0.6660094100860242,1.0,0.0,1.0,0.7378605036021515,True,2021.09.29.14.44.26_veh-28_00337_00504,1,1632927209.299624,331055.8217972187,4690755.447117711,331066.18335247354,4690742.221456141,0.0,0.05263157894736842,0.6456279406518826
324,4c86c87d1f278b79a,1.0,1.0,1.0,1.0,0.663197733558412,1.0,0.0,1.0,0.7368563334137186,True,2021.10.06.08.16.17_veh-52_01949_02501,1,1633510504.200027,365559.7000214924,143119.09203304228,365568.64222530834,143104.2123029667,0.0,0.08333333333333333,0.6447492917370038
325,ddeb5e032c4e1657a,1.0,1.0,1.0,1.0,0.6969974637794295,1.0,1.0,1.0,0.8917848084926534,True,2021.10.06.07.26.10_veh-52_00006_00398,1,1633505271.7001848,364946.43211053935,143491.44125061456,364956.57981541514,143502.21930674958,1.0,0.7883545574182387,0.9053117074310717
326,705844c20fec39ce6,1.0,1.0,1.0,1.0,0.033824321318211115,1.0,0.0,1.0,0.512080114756504,True,2021.10.06.08.16.17_veh-52_00181_00574,1,1633508613.2005038,365573.006227738,144101.1818206159,365573.0343460148,144101.2193594497,0.0,0.058823529411764705,0.44807010041194095
327,e6d6645a3d41d9627,0.0,1.0,1.0,1.0,1.0,0.0,1.0,1.0,0.0,True,2021.06.03.17.06.58_veh-35_02571_02742,1,1622757072.800535,664430.8579382118,3998369.639472481,664430.5369504194,3998378.1611130605,0.0,0.08333333333333333,0.0
328,22e6f3013edf76fa7,1.0,1.0,1.0,1.0,0.13464530649996304,1.0,1.0,1.0,0.6909447523214153,True,2021.09.29.14.44.26_veh-28_00337_00504,1,1632927209.299624,331066.07510249893,4690736.14737351,331066.56270076503,4690735.103691521,1.0,0.05263157894736842,0.7295766582812384
329,071e35b1661da1366,1.0,1.0,1.0,1.0,0.8659105701548738,1.0,0.0,1.0,0.8092537750553122,True,2021.10.06.08.16.17_veh-52_00181_00574,1,1633508612.700299,365569.23613155424,144078.4580369671,365571.63801311405,144100.09144615463,0.0,1.3634513212810845e-15,0.7080970531733981
330,83643b4c5add93044,1.0,1.0,0.5,1.0,0.7125060312657416,1.0,1.0,1.0,0.44866179129745387,True,2021.09.16.15.12.03_veh-42_01037_01434,1,1631806392.9996428,587581.8736734252,4475563.837240178,587579.843457832,4475576.246612626,0.0,3.716307106134897e-05,0.39257906738527215
331,e4c493d897f14300a,1.0,1.0,1.0,1.0,0.9859556346787803,1.0,1.0,1.0,0.9949841552424216,True,2021.09.16.13.53.10_veh-42_01510_01591,1,1631802035.8997738,588990.3437145051,4474788.995994268,588974.0447086832,4474819.96762786,0.0,0.14285714285714285,0.8706111358371189
332,59c1acee0df7ca984,1.0,1.0,1.0,1.0,0.8062079741693718,1.0,0.0,1.0,0.7879314193462043,True,2021.10.06.07.26.10_veh-52_00422_00728,1,1633505925.199883,365420.0003277206,144299.68660928038,365402.896246235,144314.51418456036,0.0,5.3812279326313596e-111,0.6894399919279287
333,db1f577b1f0df7a26,1.0,0.0,1.0,1.0,1.0,0.0,1.0,1.0,0.0,True,2021.09.16.19.27.01_veh-45_01749_03230,1,1631822975.999569,588077.5013813293,4475480.832269415,588097.9639350136,4475450.906501608,0.0,7.401447706483155e-58,0.0
334,ad6a7a2414e2a5ac3,1.0,0.0,0.0,1.0,1.0,1.0,0.0,1.0,0.0,True,2021.09.16.19.12.04_veh-42_00289_00398,1,1631820167.999814,589018.142727147,4474727.039310756,589026.2923401489,4474692.23458452,1.0,5.556332287158711e-81,0.0
335,07bad7098a8e98783,0.0,1.0,1.0,1.0,1.0,0.0,1.0,1.0,0.0,True,2021.09.29.18.19.40_veh-28_01268_01685,1,1632941224.099604,331405.2708204156,4690934.408370861,331377.63022536406,4690952.129927159,1.0,0.8325316582934814,0.0
336,9864904b0ceaacd61,1.0,1.0,1.0,1.0,0.16520453832282023,1.0,0.0,1.0,0.5590016208295786,True,2021.08.16.14.23.37_veh-45_00015_00132,1,1629124022.5001528,589029.6799536237,4474677.994417001,589029.6769097585,4474676.10596354,0.0,0.0,0.4891264182258813
337,96bc4ac7fb23e9119,1.0,1.0,1.0,1.0,0.8589936156773471,1.0,1.0,1.0,0.9496405770276238,True,2021.10.06.07.26.10_veh-52_00006_00398,1,1633505271.7001848,364928.4030705414,143468.8232260192,364951.9622339463,143497.39874486535,1.0,8.891130228551633e-114,0.9559355048991709
338,4f8dbc02e3dd5b958,0.0,1.0,1.0,1.0,1.0,0.0,1.0,1.0,0.0,True,2021.09.16.15.12.03_veh-42_01037_01434,1,1631806392.9996428,587597.948089418,4475567.26265489,587580.8961400031,4475577.1862115385,1.0,0.9742068213952175,0.0
339,43510bb262d6965b6,1.0,1.0,0.5,1.0,1.0,1.0,1.0,0.0,0.42857142857142855,True,2021.09.16.13.53.10_veh-42_00180_00342,1,1631800743.900833,589077.2624021977,4474643.853989887,589092.3323037135,4474638.673086461,0.0,0.058823529411764705,0.375
340,7036ba346c7d2824b,1.0,0.0,0.5,1.0,1.0,1.0,0.0,1.0,0.0,True,2021.10.06.08.16.17_veh-52_01949_02501,1,1633510504.200027,365563.4502518185,143119.54958279204,365570.05950482463,143104.86626639141,1.0,0.08333333333333333,0.0
341,a4e2233cf54403d43,1.0,1.0,1.0,1.0,0.9418884101712325,1.0,1.0,1.0,0.9792458607754401,True,2021.09.29.14.44.26_veh-28_00337_00504,1,1632927209.799903,331064.73851058976,4690745.828293372,331068.32660352695,4690735.6839397205,0.0,0.05263157894736842,0.8568401281785101
342,257ea63714e4b9db0,1.0,1.0,1.0,1.0,0.7262550593656759,1.0,1.0,1.0,0.9022339497734556,True,2021.09.16.14.39.34_veh-42_00032_00186,1,1631803358.699646,589344.7520933903,4473884.013466183,589347.4389367625,4473898.417993583,0.0,0.0625,0.7894547060517737
343,802f2dcbc798db1bd,1.0,0.0,0.0,1.0,1.0,1.0,0.0,1.0,0.0,True,2021.10.06.08.16.17_veh-52_01949_02501,1,1633510504.200027,365553.3364164552,143128.48257249861,365568.7908135171,143108.02926778523,0.0,0.08333333333333333,0.0
344,0cda637bebb7a14dc,0.0,1.0,1.0,1.0,1.0,0.0,1.0,0.0,0.0,True,2021.09.16.16.20.27_veh-08_02435_02525,1,1631811847.6994588,587496.4527317317,4475606.796087544,587476.1975231346,4475619.289866862,0.0,9.677094131409655e-67,0.0
345,15d9842199648136e,0.0,0.0,1.0,1.0,1.0,0.0,1.0,0.0,0.0,True,2021.09.16.19.27.01_veh-45_01749_03230,1,1631823395.4999728,587685.3833361901,4475524.29480315,587668.1978767725,4475510.349747396,0.0,1.6007629277955267e-56,0.0
346,52e9709be4289e9ff,1.0,1.0,1.0,1.0,0.7175073376163735,1.0,0.0,1.0,0.7562526205772763,True,2021.08.30.14.54.34_veh-40_00439_00835,1,1630336066.0001578,331732.12135710486,4690913.3142969,331739.22974150337,4690927.141594732,1.0,1.5863543234756099e-09,0.7867210430051167
347,ac59b5b148af8474e,1.0,1.0,1.0,1.0,0.8446725921394328,1.0,1.0,1.0,0.9445259257640831,True,2021.09.16.19.27.01_veh-45_01749_03230,1,1631822975.999569,588093.3348849983,4475455.510035128,588097.9238301829,4475441.062098048,1.0,0.0,0.9514601850435728
348,3fdf3c5e045298ad9,1.0,1.0,1.0,1.0,0.8614572783637089,1.0,1.0,1.0,0.9505204565584674,True,2021.08.30.16.16.44_veh-40_00779_01088,1,1630341160.000258,331641.89957639965,4690794.259020402,331663.4754013989,4690798.4837321425,0.0,0.9999998134886764,0.831705399488659
349,4876fb179a00309b5,1.0,1.0,1.0,1.0,1.0,1.0,1.0,1.0,1.0,True,2021.10.06.08.16.17_veh-52_01590_01725,1,1633509884.699713,365790.27839434746,143345.88193095772,365789.05480879755,143357.00488833842,0.0,0.1111111111111111,0.875
350,61ea80d6d5820ce2a,1.0,1.0,1.0,1.0,1.0,1.0,1.0,1.0,1.0,True,2021.09.16.14.39.34_veh-42_00297_00935,1,1631803774.699926,587617.1109358006,4475944.291109719,587626.9413537945,4475956.250127631,1.0,0.07142857142857142,1.0
351,b3597b197644a67ba,1.0,1.0,1.0,1.0,0.5226771292502248,1.0,1.0,1.0,0.8295275461607946,True,2021.09.16.14.39.34_veh-42_00032_00186,1,1631803358.199913,589346.8912125049,4473893.554631776,589345.0983387053,4473900.332819929,0.0,2.5904136063536848e-108,0.7258366028906953
352,12f4928a69547a0bf,1.0,0.0,1.0,1.0,1.0,0.0,1.0,1.0,0.0,True,2021.09.16.19.27.01_veh-45_01749_03230,1,1631822975.999569,588078.0598295225,4475479.611477064,588096.4140772729,4475454.315465532,1.0,2.0430962963637733e-08,0.0
353,60b5ffeeaa577037f,1.0,0.0,1.0,1.0,0.6507591722718187,1.0,1.0,1.0,0.0,True,2021.09.16.13.53.10_veh-42_01510_01591,1,1631802036.400076,588981.4804179627,4474805.717445785,588974.0650345159,4474819.653375484,0.0,0.14285714285714285,0.0
354,0d3be86b0d2db1b32,1.0,1.0,1.0,1.0,0.8598154437314058,1.0,1.0,1.0,0.9499340870469306,True,2021.09.16.19.49.00_veh-42_00990_01609,1,1631823439.4997048,587706.7329380874,4475875.585935565,587691.3111753628,4475886.689489731,1.0,9.22160361791142e-127,0.9561923261660643
355,27ddf7be2179b60af,1.0,1.0,1.0,1.0,0.8177113118070748,1.0,0.0,1.0,0.7920397542168125,True,2021.08.30.14.54.34_veh-40_00439_00835,1,1630336066.0001578,331726.709090125,4690904.550442514,331738.2375102169,4690923.314016302,1.0,3.2425700525718296e-44,0.8180347849397109
356,2615ffc998d3b5976,1.0,1.0,1.0,1.0,0.8629850640971907,1.0,1.0,1.0,0.9510660943204252,True,2021.10.06.07.26.10_veh-52_00006_00398,1,1633505271.2003798,364932.3415201862,143473.6307763728,364954.4878480591,143500.35993476227,1.0,0.004930771527106502,0.9571828325303721
357,86dc24585f29d4c87,1.0,0.0,0.0,1.0,1.0,1.0,1.0,1.0,0.0,True,2021.08.30.16.16.44_veh-40_00779_01088,1,1630341159.500238,331627.82850318175,4690781.062596293,331663.00544631266,4690798.919388614,0.0,1.4659069804177115e-19,0.0
358,2d73739d94bdfb12e,0.0,1.0,1.0,1.0,1.0,0.0,0.0,1.0,0.0,True,2021.06.28.20.24.43_veh-38_03385_04952,1,1624916002.599906,664866.847136258,3999624.604432587,664854.8510129107,3999601.6877057627,1.0,0.7914208705066449,0.0
359,a6b18ec8b52f580ef,1.0,0.0,0.5,1.0,1.0,1.0,1.0,0.0,0.0,True,2021.09.16.14.39.34_veh-42_00297_00935,1,1631803775.200522,587618.5123448633,4475954.219173385,587630.1123669508,4475958.749590446,0.0,0.07142857142857142,0.0
360,1ee04786c1af4e2d7,0.0,1.0,1.0,1.0,1.0,0.0,1.0,1.0,0.0,True,2021.09.16.13.53.10_veh-42_00180_00342,1,1631800743.400754,589052.254829816,4474648.243891066,589082.1407684482,4474644.508042378,0.0,1.28010459521915e-288,0.0
361,fcfbdd618540644fa,1.0,0.0,0.0,1.0,1.0,1.0,1.0,0.0,0.0,True,2021.09.16.13.53.10_veh-42_00077_00153,1,1631800604.8992178,589327.8632336643,4473877.520832515,589347.1277405792,4473891.080296261,0.0,0.1,0.0
362,3079c8b009170b052,1.0,0.0,1.0,1.0,0.8314601989348529,1.0,0.0,1.0,0.0,True,2021.09.16.19.49.00_veh-42_00990_01609,1,1631823439.000016,587721.8542894536,4475864.9617455155,587696.3680089568,4475881.1509752795,1.0,0.07692307692307693,0.0
363,25c0bd003a55fd341,1.0,1.0,1.0,1.0,0.7242335828351398,1.0,1.0,1.0,0.9015119938696928,True,2021.09.16.16.20.27_veh-08_02435_02525,1,1631811848.199143,587477.5488565773,4475620.542567266,587477.3526170532,4475628.163394959,1.0,6.767907706235449e-35,0.9138229946359813
364,2ae5b4d91dcfac803,0.0,1.0,1.0,1.0,1.0,0.0,0.0,1.0,0.0,True,2021.09.16.15.12.03_veh-42_01037_01434,1,1631806392.9996428,587606.8001754114,4475558.149922385,587584.6894618641,4475575.087890302,1.0,2.822713142242975e-33,0.0
365,ef8b4c4b3e7ec1358,1.0,1.0,1.0,1.0,0.3944401925472763,1.0,1.0,1.0,0.7837286401954557,True,2021.10.06.07.26.10_veh-52_01245_02064,1,1633507080.2000868,365178.8694006604,143544.508666384,365175.7953718887,143538.4288652395,0.0,4.6281415242117903e-181,0.6857625601710238
366,606f1011a6999f264,0.0,1.0,1.0,1.0,1.0,0.0,1.0,1.0,0.0,True,2021.09.16.15.12.03_veh-42_01037_01434,1,1631806393.4995148,587601.6084212535,4475564.016349881,587578.5644162246,4475578.75067185,0.0,0.20544456231110972,0.0
367,4c0a48ba08d3935ff,0.0,0.0,1.0,1.0,1.0,0.0,1.0,1.0,0.0,True,2021.09.16.19.27.01_veh-45_01749_03230,1,1631823395.9997308,587680.0809060195,4475514.129390802,587664.3422854671,4475513.059108,1.0,7.555397908994169e-31,0.0
368,161ae204e36c7312b,1.0,1.0,1.0,1.0,0.707915233913455,1.0,0.0,1.0,0.7528268692548055,True,2021.10.06.07.26.10_veh-52_00006_00398,1,1633505271.7001848,364947.1075879621,143488.99031248564,364957.2274253804,143501.19244912796,1.0,0.00010396765219026348,0.7837235105979548
369,d10399f19fe745cd8,0.0,1.0,1.0,1.0,1.0,0.0,1.0,1.0,0.0,True,2021.05.25.14.26.37_veh-27_04122_04279,1,1621971543.399616,664460.9374000098,3997800.9583170163,664460.5038977817,3997784.9146645176,1.0,0.0041354264042489635,0.0
370,bc0871e224359d4c3,1.0,0.0,1.0,1.0,0.7612319453922104,1.0,1.0,1.0,0.0,True,2021.08.16.14.23.37_veh-45_00015_00132,1,1629124022.5001528,589025.8685029236,4474707.133104822,589028.568685719,4474684.098125297,1.0,4.69371026406127e-221,0.0
371,fbdc714c905b7409f,1.0,1.0,1.0,1.0,0.8293892640408786,1.0,0.0,1.0,0.7962104514431709,True,2021.10.06.07.26.10_veh-52_00006_00398,1,1633505271.2003798,364947.2224553512,143489.1085965919,364958.45441449416,143503.62186523495,1.0,4.991098291392915e-34,0.8216841450127745
372,49f0f48e0fa4af03e,1.0,0.0,1.0,1.0,1.0,1.0,1.0,1.0,0.0,True,2021.09.16.19.27.01_veh-45_01749_03230,1,1631822975.999569,588091.1532162614,4475463.093154555,588100.1291374762,4475444.882155296,0.0,8.688698488274442e-278,0.0
373,1c5915479f9d88e87,0.0,0.0,1.0,1.0,1.0,0.0,1.0,1.0,0.0,True,2021.06.28.20.24.43_veh-38_03385_04952,1,1624916003.099648,664861.1579300525,3999610.993649567,664854.3791526847,3999598.144308692,1.0,0.08333333333333333,0.0
374,3343ae6524e70afdf,1.0,0.0,1.0,1.0,1.0,1.0,1.0,1.0,0.0,True,2021.09.16.19.27.01_veh-45_01749_03230,1,1631822975.4997919,588092.5400430335,4475459.982758451,588099.8922835703,4475443.417290379,0.0,8.277195560324949e-101,0.0
375,a66365f9db94531ab,1.0,1.0,1.0,1.0,0.8469903262796074,1.0,1.0,1.0,0.9453536879570026,True,2021.08.30.16.16.44_veh-40_00779_01088,1,1630341159.500238,331664.59374217305,4690803.234678401,331669.97923402063,4690811.074185966,1.0,2.2886922738955812e-256,0.9521844769623773
376,5906874d0d863e9c0,1.0,1.0,1.0,1.0,1.0,1.0,1.0,1.0,1.0,True,2021.10.06.07.26.10_veh-52_01245_02064,1,1633507080.700362,365196.1562384336,143587.19607534763,365181.5434873629,143553.55310730913,1.0,6.940624599811336e-21,1.0
377,8ad941de7669cfce3,0.0,1.0,1.0,1.0,1.0,0.0,0.0,1.0,0.0,True,2021.09.16.14.39.34_veh-42_01111_01448,1,1631804388.699858,587575.5317866595,4475691.725055403,587584.6168976892,4475689.246244614,1.0,0.1,0.0
378,df6bd29b481fbd72d,1.0,0.0,1.0,1.0,0.7702804353882244,1.0,0.0,1.0,0.0,True,2021.08.16.14.23.37_veh-45_00015_00132,1,1629124022.5001528,589025.8123077818,4474700.262423164,589028.3440289694,4474680.937763085,1.0,0.0,0.0
379,cbabaf8e0b53e82d3,1.0,0.0,1.0,1.0,1.0,1.0,0.0,1.0,0.0,True,2021.10.06.08.16.17_veh-52_01949_02501,1,1633510503.699663,365552.87065207376,143126.6431656527,365569.2780042581,143105.00926965504,0.0,0.08333333333333333,0.0
380,eee0015497fc5fbb3,1.0,1.0,1.0,1.0,0.752726121261507,1.0,0.0,1.0,0.7688307575933954,True,2021.10.06.07.26.10_veh-52_00422_00728,1,1633505924.7000349,365422.8188293872,144296.92331798666,365403.7791817055,144313.6927924124,1.0,1.6716605718485154e-27,0.7977269128942209
381,58a779e8d452e3877,1.0,1.0,1.0,1.0,0.7140729300890595,1.0,1.0,1.0,0.8978831893175212,True,2021.09.29.18.19.40_veh-28_01268_01685,1,1632941223.59972,331383.5271033016,4690948.399585292,331369.60760290624,4690956.72807913,1.0,1.4354972928073525e-76,0.9106477906528311
382,286d0110f79f8450c,1.0,1.0,1.0,1.0,0.7806970195061671,1.0,0.0,1.0,0.7788203641093455,True,2021.10.06.07.26.10_veh-52_00422_00728,1,1633505925.199883,365434.457420451,144289.0066715052,365409.8911870022,144308.6615383996,1.0,6.0278615475209944e-18,0.8064678185956773
383,96cc2557a7240b2e7,0.0,1.0,1.0,1.0,1.0,0.0,1.0,1.0,0.0,True,2021.09.16.19.27.01_veh-45_01749_03230,1,1631823395.4999728,587681.0135909896,4475518.162885837,587664.4381133422,4475513.096518955,1.0,0.4157715037065623,0.0
384,50268da879011f241,0.0,0.0,0.5,1.0,1.0,0.0,1.0,1.0,0.0,True,2021.09.16.13.53.10_veh-42_00077_00153,1,1631800604.399551,589328.9099711196,4473885.221719388,589344.7780854629,4473889.084691863,0.0,0.1,0.0
385,2732f280ebb7e46da,1.0,1.0,1.0,1.0,0.904788498729925,1.0,1.0,1.0,0.9659958924035446,True,2021.08.30.16.16.44_veh-40_00779_01088,1,1630341160.000258,331664.1279528283,4690802.62444097,331669.9785935045,4690811.076485015,1.0,0.0,0.9702464058531015
386,1d7b812f26f914c71,0.0,1.0,1.0,1.0,1.0,0.0,0.0,0.0,0.0,True,2021.09.16.16.20.27_veh-08_02435_02525,1,1631811847.6994588,587499.7385195864,4475603.572969808,587477.766055043,4475615.914089122,0.0,1.6464796587034095e-178,0.0
387,6f388bff9ecc03286,1.0,1.0,1.0,1.0,0.23484547241737236,1.0,0.0,1.0,0.5838733830062044,True,2021.08.16.14.23.37_veh-45_00015_00132,1,1629124022.5001528,589030.9446833252,4474677.55085098,589030.8379305254,4474676.060705651,1.0,0.0,0.6358892101304289
388,4fb5655af73387ef8,1.0,0.0,0.0,1.0,1.0,1.0,0.0,1.0,0.0,True,2021.08.30.14.54.34_veh-40_00439_00835,1,1630336066.500321,331728.39646420017,4690900.22791153,331739.78544839466,4690924.382631261,1.0,2.2393742605937793e-06,0.0
389,44c452535c1f9bd1b,1.0,1.0,1.0,1.0,0.5547976380111882,1.0,1.0,1.0,0.8409991564325673,True,2021.10.06.07.26.10_veh-52_02208_02394,1,1633507574.7003539,365124.7861963311,144094.28178660767,365129.5289982086,144092.56383734776,1.0,0.0003785116958808018,0.8608742618784964
390,6ea72a0c3033844cf,1.0,1.0,0.5,1.0,0.7281160916366921,1.0,0.0,1.0,0.38002073064940933,True,2021.10.06.07.26.10_veh-52_01245_02064,1,1633506717.6997159,365053.8726254756,143024.07139799712,365062.02859581454,143016.55985199692,1.0,0.0,0.39501813931823315
391,bfba18000f192b90d,1.0,1.0,1.0,1.0,0.8558769419939699,1.0,1.0,1.0,0.9485274792835607,True,2021.09.16.13.53.10_veh-42_00180_00342,1,1631800743.900833,589047.2586955715,4474647.4332997585,589078.8424458497,4474645.305365513,0.0,0.058823529411764705,0.8299615443731156
392,3d46e887da2f265d2,1.0,1.0,1.0,1.0,0.3638674899309292,1.0,1.0,1.0,0.7728098178324748,True,2021.09.29.19.02.14_veh-28_02451_02708,1,1632944719.2998989,330933.1265306967,4690140.675610642,330928.7427404339,4690132.475785626,0.0,0.05,0.6762085906034154
393,0352c14b8d7493b9a,1.0,1.0,1.0,1.0,0.8384255654975613,1.0,0.0,1.0,0.7994377019634147,True,2021.10.06.07.26.10_veh-52_01245_02064,1,1633506717.1997628,365056.44358314737,143021.3288363245,365063.49349901587,143015.2131056552,0.0,3.651898385213644e-163,0.6995079892179878
394,30c354120aed6af34,0.0,0.0,0.5,1.0,1.0,0.0,1.0,1.0,0.0,True,2021.09.29.18.19.40_veh-28_00438_00833,1,1632940205.599778,331023.91844121384,4691182.383048996,331012.7220458281,4691176.740229004,1.0,0.40065157855314865,0.0
395,bb000886556fcf3ea,0.0,1.0,1.0,1.0,1.0,0.0,0.0,1.0,0.0,True,2021.06.28.20.24.43_veh-38_03385_04952,1,1624916002.599906,664858.9074678184,3999611.41079586,664852.892980606,3999598.6102497764,1.0,1.6071570087694494e-31,0.0
396,e513c494982a0c41e,1.0,0.0,0.0,1.0,1.0,1.0,0.0,1.0,0.0,True,2021.09.16.19.12.04_veh-42_00289_00398,1,1631820167.499603,589015.7132791528,4474743.684119369,589026.6048251084,4474695.305172961,1.0,9.864654841084326e-05,0.0
397,93a1ac4a9b8b32451,1.0,0.0,0.0,1.0,1.0,1.0,0.0,1.0,0.0,True,2021.09.16.19.27.01_veh-45_01749_03230,1,1631822442.499192,587612.4233662534,4475950.189521467,587633.9845727761,4475958.335234934,0.0,0.07142857142857142,0.0
398,2271e9cd227826682,1.0,1.0,1.0,1.0,0.8125245462625745,1.0,1.0,1.0,0.9330444808080623,True,2021.10.06.07.26.10_veh-52_02208_02394,1,1633507574.1999419,365130.95357031445,144091.98387484593,365138.2915739543,144089.09146296373,1.0,1.9816450633481822e-224,0.9414139207070545
399,168ec5291b8accf12,1.0,1.0,1.0,1.0,0.4468339529611046,1.0,1.0,1.0,0.8024406974861088,True,2021.09.16.14.39.34_veh-42_00032_00186,1,1631803358.199913,589347.093268639,4473890.069980455,589346.9281075232,4473899.179691349,0.0,1.3805719676126481e-86,0.7021356103003452
400,617af5a1ea48f3d16,1.0,1.0,1.0,1.0,0.11452991832454289,1.0,0.0,1.0,0.5409035422587654,True,2021.08.16.14.23.37_veh-45_00015_00132,1,1629124022.5001528,589030.1100006507,4474677.861093636,589030.0870155033,4474676.427426349,1.0,0.0,0.5982905994764196
401,8709b2e277d0597b6,1.0,1.0,1.0,1.0,1.0,1.0,1.0,1.0,1.0,True,2021.09.29.18.19.40_veh-28_01268_01685,1,1632941224.099604,331395.9906757531,4690940.903725407,331373.49633595505,4690955.01125611,1.0,1.2605401640109271e-30,1.0
402,c303322f8c6fe45b9,1.0,1.0,1.0,1.0,1.0,1.0,0.0,1.0,0.8571428571428571,True,2021.08.16.14.23.37_veh-45_00015_00132,1,1629124022.5001528,589030.9114630462,4474674.817721498,589030.8961642804,4474674.737924517,1.0,0.0,0.875
403,155dbb3e9624d499e,0.0,1.0,1.0,1.0,0.6383061726564278,0.0,1.0,1.0,0.0,True,2021.10.06.07.26.10_veh-52_00006_00398,1,1633505271.2003798,364944.6549712513,143489.0637455658,364955.70548600354,143501.8901432507,0.0,0.037639272408146386,0.0
404,129fa714e230a9eae,1.0,1.0,0.0,1.0,1.0,1.0,0.0,1.0,0.0,True,2021.10.06.07.26.10_veh-52_01245_02064,1,1633506717.1997628,365041.17885097145,143045.36826876714,365053.96231825196,143022.5644544074,1.0,4.88847785113765e-30,0.0
405,d1a972f7af648078b,0.0,1.0,1.0,1.0,0.9900166331178344,1.0,1.0,1.0,0.0,True,2021.10.06.07.26.10_veh-52_00006_00398,1,1633505271.7001848,364948.2623321254,143494.92597926964,364959.2779634398,143505.89819023927,0.0,4.4783807418661884e-35,0.0
406,765c939c341bbf4f6,1.0,1.0,1.0,1.0,0.7910624910376374,1.0,1.0,1.0,0.9253794610848705,True,2021.09.16.16.20.27_veh-08_02435_02525,1,1631811848.199143,587479.0972090886,4475616.141027461,587476.4705519719,4475624.383849853,0.0,0.35042003036836,0.8097070284492617
407,a3159a9839e251bcb,1.0,1.0,1.0,1.0,0.7957565704130302,1.0,0.0,1.0,0.7841987751475108,True,2021.10.06.07.26.10_veh-52_00422_00728,1,1633505925.199883,365439.7667796536,144281.38873456017,365411.4011253905,144306.46465567753,0.0,1.4758356436181605e-52,0.686173928254072
408,92543dc9e560f1be0,1.0,1.0,1.0,1.0,1.0,1.0,1.0,1.0,1.0,True,2021.09.29.14.44.26_veh-28_01202_01296,1,1632927927.299737,331508.3429034009,4690827.036761241,331505.2022708627,4690820.043841566,0.0,3.267515270194856e-107,0.875
409,67580f8a1bb721dcf,1.0,1.0,0.5,1.0,0.9213972448939074,1.0,0.0,1.0,0.41453522230248346,True,2021.10.06.07.26.10_veh-52_01245_02064,1,1633506717.1997628,365043.2152618109,143035.54928633923,365055.8007320984,143020.15066119097,1.0,0.9999897172889911,0.42521831951467304
410,0c490f2432946f48b,0.0,1.0,1.0,1.0,1.0,0.0,0.0,1.0,0.0,True,2021.09.16.16.20.27_veh-08_02435_02525,1,1631811848.199143,587506.1304900555,4475602.611865172,587480.6492684874,4475614.809898174,0.0,7.999317777844975e-248,0.0
411,2115b48841ebae650,0.0,1.0,1.0,1.0,1.0,0.0,1.0,1.0,0.0,True,2021.09.16.16.20.27_veh-08_02435_02525,1,1631811848.199143,587490.5261568899,4475606.298689395,587476.74935238,4475619.183544252,0.0,1.5445150911589908e-61,0.0
412,e6d32880a78e81ea9,1.0,1.0,1.0,1.0,1.0,1.0,1.0,1.0,1.0,True,2021.06.03.12.02.06_veh-35_00233_00609,1,1622736827.501288,664206.2863118217,3997421.1157993814,664214.5653694805,3997420.4648230337,1.0,0.14285714285714285,1.0
413,63587c0f95bcdef4c,1.0,0.0,0.0,1.0,1.0,1.0,0.0,1.0,0.0,True,2021.08.16.14.23.37_veh-45_00015_00132,1,1629124022.5001528,589026.899466169,4474706.947674605,589030.0007887045,4474681.812445736,1.0,0.0,0.0
414,8c29c71f168e21bbd,0.0,1.0,1.0,1.0,1.0,0.0,1.0,1.0,0.0,True,2021.06.03.12.02.06_veh-35_00233_00609,1,1622736828.001318,664192.4778246451,3997423.1451387135,664211.2969165678,3997420.6420992017,0.0,0.14285714285714285,0.0
415,01fd6ca416dc0630c,1.0,0.0,0.0,1.0,1.0,1.0,0.0,1.0,0.0,True,2021.08.16.14.23.37_veh-45_00015_00132,1,1629124022.5001528,589016.014091572,4474734.490465865,589026.2712662866,4474694.620890539,1.0,0.9999987902772353,0.0
416,c82ec728742abfe9a,1.0,1.0,1.0,1.0,0.9327218914127813,1.0,1.0,1.0,0.9759721040759933,True,2021.09.16.13.53.10_veh-42_00180_00342,1,1631800743.400754,589085.2986444073,4474641.981364171,589093.2845145222,4474636.572461788,0.0,5.1589790980464894e-30,0.8539755910664941
417,b7f82c0f75ba493fc,1.0,0.0,0.5,1.0,0.7071504398340454,1.0,1.0,1.0,0.0,True,2021.09.16.14.39.34_veh-42_00032_00186,1,1631803358.699646,589336.4564095887,4473881.737137292,589346.0262234753,4473893.0362572605,0.0,0.0625,0.0
418,6ac3abb0e9eb26113,1.0,0.0,1.0,1.0,0.6723542493856752,1.0,0.0,1.0,0.0,True,2021.10.06.08.16.17_veh-52_00181_00574,1,1633508613.2005038,365572.59542365425,144097.0575022023,365575.16822720994,144103.6539217512,1.0,0.058823529411764705,0.0
419,9eb568210e6566dd5,1.0,0.0,1.0,1.0,0.7720041966791445,1.0,1.0,1.0,0.0,True,2021.08.30.16.16.44_veh-40_00779_01088,1,1630341160.000258,331649.0946192909,4690794.031273964,331665.21165049064,4690801.664533121,0.0,1.6806225934392733e-20,0.0
420,889738d49bab39139,1.0,0.0,1.0,1.0,0.8160432012517091,1.0,0.0,1.0,0.0,True,2021.09.16.13.53.10_veh-42_01510_01591,1,1631802035.8997738,588990.4175637627,4474786.33338026,588975.7554498853,4474815.791880044,0.0,0.14285714285714285,0.0
421,d9b6f0d1e16d88b7e,0.0,1.0,1.0,1.0,1.0,0.0,0.0,0.0,0.0,True,2021.09.16.16.20.27_veh-08_02435_02525,1,1631811847.6994588,587500.096480922,4475603.547534226,587477.766055043,4475615.914089122,0.0,1.6464796587034095e-178,0.0
422,6fe71c9fa733e801d,1.0,1.0,1.0,1.0,0.8511718448864335,1.0,1.0,1.0,0.9468470874594406,True,2021.09.16.19.49.00_veh-42_00990_01609,1,1631823439.000016,587705.7414638159,4475876.224188259,587690.1811996625,4475887.758397103,1.0,0.07692307692307693,0.9534912015270105
423,1cee104dd05ce3a78,1.0,0.0,1.0,1.0,1.0,1.0,1.0,1.0,0.0,True,2021.09.16.19.27.01_veh-45_01749_03230,1,1631822975.4997919,588081.5457735705,4475475.625194437,588098.6531050464,4475447.818219062,0.0,7.94459601720231e-10,0.0
424,34096e25c51fff4b8,0.0,0.0,1.0,1.0,1.0,0.0,0.0,1.0,0.0,True,2021.10.06.07.26.10_veh-52_00006_00398,1,1633505271.2003798,364931.51242720644,143471.13565749436,364956.2085686634,143499.46042082453,0.0,9.981250418279908e-05,0.0
425,a299bacf7699bbf82,1.0,1.0,1.0,1.0,0.9309427875863059,1.0,1.0,1.0,0.9753367098522521,True,2021.09.16.16.20.27_veh-08_02435_02525,1,1631811847.6994588,587483.8292181563,4475611.024405579,587476.627031914,4475621.576372969,1.0,7.196800376243313e-24,0.9784196211207206
426,812c204d59813e5fb,1.0,1.0,1.0,1.0,0.4850540193745295,1.0,1.0,1.0,0.8160907212051891,True,2021.09.16.16.20.27_veh-08_02435_02525,1,1631811847.6994588,587474.3866858698,4475618.435815837,587475.123956742,4475624.128884763,0.0,0.0014794178868452472,0.7140793810545405
427,bd30767ff605ef96c,1.0,1.0,1.0,1.0,1.0,1.0,0.0,1.0,0.8571428571428571,True,2021.09.16.14.39.34_veh-42_01111_01448,1,1631804389.199903,587583.1668247608,4475688.981913124,587586.6512820123,4475688.134878248,0.0,0.1,0.75
428,56b4d54802fcfc9b1,1.0,1.0,1.0,1.0,0.817164136394278,1.0,0.0,1.0,0.7918443344265278,True,2021.10.06.07.26.10_veh-52_01245_02064,1,1633507080.700362,365191.5455141254,143571.741386586,365179.05702661735,143546.74838154876,1.0,1.3065223146385982e-40,0.8178637926232118
429,3e9cb5ec7e3c7d0e9,1.0,0.0,1.0,1.0,1.0,1.0,0.0,1.0,0.0,True,2021.10.06.07.26.10_veh-52_01245_02064,1,1633507080.2000868,365199.1663033329,143586.49879079836,365180.9418034339,143549.1251094483,1.0,5.054196009015161e-18,0.0
430,4683eec43a1454ea9,1.0,1.0,1.0,1.0,0.8117523738766494,1.0,1.0,1.0,0.9327687049559462,True,2021.10.06.07.26.10_veh-52_01245_02064,1,1633507080.2000868,365188.6849367724,143569.01445690618,365177.48144284775,143543.76099684724,1.0,5.622689100284459e-28,0.9411726168364529
431,94c404a1f903addc1,1.0,1.0,1.0,1.0,0.009108502440550316,1.0,1.0,1.0,0.6461101794430536,True,2021.09.16.14.39.34_veh-42_00032_00186,1,1631803358.199913,589345.8485703674,4473900.226799865,589345.8338296834,4473900.248107387,0.0,2.157318622198277e-108,0.5653464070126719
432,daa6b068709fe9531,1.0,0.0,0.0,1.0,0.7107140256629324,1.0,1.0,1.0,0.0,True,2021.08.30.16.16.44_veh-40_00779_01088,1,1630341160.000258,331627.05707132583,4690774.597039931,331661.07450123306,4690795.317229185,0.0,9.09610967141086e-42,0.0
433,b83c30081d33ba2dd,1.0,1.0,1.0,1.0,0.8337871329359307,1.0,1.0,1.0,0.9406382617628324,True,2021.10.06.07.26.10_veh-52_01245_02064,1,1633507080.700362,365195.6948588078,143580.60640744187,365181.58204920474,143549.13671985516,1.0,2.5647742703393053e-05,0.9480584790424783
434,cf70e8986954b642f,1.0,1.0,0.0,1.0,1.0,1.0,0.0,1.0,0.0,True,2021.10.06.07.26.10_veh-52_01245_02064,1,1633506717.1997628,365039.1222444334,143049.4966172106,365053.8782291602,143023.54453027074,1.0,7.057291534619178e-47,0.0
435,c82fe572121770ee2,1.0,0.0,0.0,1.0,1.0,1.0,0.0,1.0,0.0,True,2021.09.16.13.53.10_veh-42_01510_01591,1,1631802036.400076,589004.5177555806,4474760.315486071,588979.9713322717,4474805.982550861,1.0,0.14285714285714285,0.0
436,960134e598a1cc28b,1.0,0.0,0.5,1.0,1.0,1.0,0.0,1.0,0.0,True,2021.09.16.19.27.01_veh-45_00472_00711,1,1631820946.4996898,588579.3061914779,4475610.08344975,588588.0138302104,4475595.575105548,1.0,0.0,0.0
437,45f0a34210cea5243,1.0,1.0,1.0,1.0,0.8497302238698556,1.0,1.0,1.0,0.9463322228106626,True,2021.09.16.19.27.01_veh-45_01749_03230,1,1631822975.4997919,588099.898813839,4475446.063301457,588097.4175563757,4475436.723858009,0.0,0.0,0.8280406949593299
438,e7892fb2f09de2723,0.0,0.0,1.0,1.0,1.0,0.0,1.0,1.0,0.0,True,2021.09.16.19.27.01_veh-45_01749_03230,1,1631823395.4999728,587681.6775497943,4475519.630209741,587668.7631616353,4475511.799400125,0.0,1.6555067480171498e-58,0.0
439,3df563a8c00556068,1.0,1.0,1.0,1.0,0.8219800462558667,1.0,1.0,1.0,0.9364214450913809,True,2021.09.16.14.39.34_veh-42_00032_00186,1,1631803358.199913,589348.3344810075,4473891.661936057,589345.8346262124,4473901.277393756,0.0,3.994195310248483e-142,0.8193687644549583
440,726d488f280e59674,1.0,0.0,1.0,1.0,0.9646702767423851,1.0,0.0,1.0,0.0,True,2021.10.06.08.16.17_veh-52_01949_02501,1,1633510504.200027,365545.3745720194,143131.54950472148,365567.58159390016,143107.8685471557,0.0,0.08333333333333333,0.0
441,f216b9731d3c1f375,1.0,0.0,0.0,1.0,1.0,1.0,0.0,0.0,0.0,True,2021.09.16.14.39.34_veh-42_00032_00186,1,1631803358.699646,589310.4865602322,4473877.776872416,589343.0701708709,4473890.0339883,0.0,0.0625,0.0
442,e593c645d1fd3fdb9,1.0,1.0,1.0,1.0,1.0,1.0,1.0,1.0,1.0,True,2021.10.06.08.16.17_veh-52_01590_01725,1,1633509884.699713,365791.4646344342,143339.49727359373,365789.22523450997,143354.47877193257,1.0,0.1111111111111111,1.0
443,6139b967f50241e4f,1.0,1.0,0.5,1.0,1.0,1.0,0.0,1.0,0.42857142857142855,True,2021.10.06.07.26.10_veh-52_01245_02064,1,1633506717.6997159,365054.44835078245,143022.75938525837,365064.1306102186,143015.2416236982,0.0,0.0,0.375
444,4562930d9a4d7543b,0.0,0.0,0.5,1.0,0.5199210453624492,0.0,1.0,1.0,0.0,True,2021.09.16.19.27.01_veh-45_01749_03230,1,1631822975.999569,588089.5025546025,4475451.524448255,588097.2722082196,4475443.736433272,0.0,5.169845338118765e-268,0.0
445,8b29c1e65746a1185,1.0,1.0,0.5,1.0,1.0,1.0,0.0,1.0,0.42857142857142855,True,2021.09.16.19.27.01_veh-45_01749_03230,1,1631822442.999637,587625.7456840648,4475954.611385983,587638.6150156991,4475955.364361046,1.0,0.07142857142857142,0.4375
446,d29638c5140885ccd,0.0,0.0,0.5,1.0,1.0,0.0,0.0,0.0,0.0,True,2021.09.16.19.27.01_veh-45_01749_03230,1,1631822442.499192,587614.3110515855,4475945.09293004,587631.5099562049,4475958.554450635,0.0,0.07142857142857142,0.0
447,3eee54f31bcaed95d,0.5,0.0,1.0,1.0,0.7830471594623661,1.0,0.0,1.0,0.0,True,2021.09.16.19.49.00_veh-42_00990_01609,1,1631823439.4997048,587715.4090231595,4475869.072537037,587695.5324079556,4475881.531822931,0.0,1.0,0.0
448,f7aca65344c3b8a4b,1.0,1.0,1.0,1.0,0.44300566650395695,1.0,1.0,1.0,0.8010734523228418,True,2021.08.16.14.23.37_veh-45_00015_00132,1,1629124022.5001528,589028.3901939845,4474693.7654130105,589029.5783892213,4474683.949050146,0.0,1.3810256952079469e-237,0.7009392707824865
449,94dbe6cad76160ef1,0.0,1.0,1.0,1.0,1.0,0.0,1.0,1.0,0.0,True,2021.06.03.17.06.58_veh-35_02571_02742,1,1622757072.300323,664429.5684860069,3998365.620051573,664429.5792483991,3998376.1175036393,0.0,0.08333333333333333,0.0
450,1c7991974c14440a3,1.0,0.0,0.0,1.0,1.0,1.0,0.0,1.0,0.0,True,2021.09.16.19.12.04_veh-42_00289_00398,1,1631820167.999814,589013.426109654,4474748.4023635695,589025.6086459165,4474700.981661467,1.0,4.961815836534434e-22,0.0
451,6e6061d855992b2c3,1.0,1.0,1.0,1.0,0.5275915430219917,1.0,1.0,1.0,0.8312826939364256,True,2021.10.06.08.16.17_veh-52_01949_02501,1,1633510504.200027,365567.4723169709,143110.2104930459,365571.0194203544,143100.37298517258,0.0,0.08333333333333333,0.7273723571943724
452,71311b352b3aa16e3,1.0,0.0,0.0,1.0,1.0,1.0,1.0,0.0,0.0,True,2021.09.16.14.39.34_veh-42_00297_00935,1,1631803774.699926,587616.1416360623,4475950.516529371,587630.1196851915,4475958.487475343,0.0,0.07142857142857142,0.0
453,1b09ba4c4fe0b53e9,1.0,1.0,0.0,1.0,1.0,1.0,0.0,1.0,0.0,True,2021.10.06.08.16.17_veh-52_00181_00574,1,1633508613.2005038,365567.5338752754,144065.0326623742,365569.2961833542,144092.95709700653,0.0,0.058823529411764705,0.0
454,9419f81f3116fcd08,0.0,1.0,0.5,1.0,1.0,0.0,0.0,1.0,0.0,True,2021.09.29.14.44.26_veh-28_01202_01296,1,1632927927.299737,331513.46601180953,4690837.8249011645,331507.3933250945,4690825.806080752,1.0,0.9999999998948114,0.0
455,d1b44adf0f1195ea7,1.0,1.0,1.0,1.0,1.0,1.0,1.0,1.0,1.0,True,2021.09.29.14.44.26_veh-28_00337_00504,1,1632927209.799903,331064.3564758466,4690746.625434145,331067.7853827051,4690739.770852925,0.0,0.05263157894736842,0.875
456,c24873028db688fff,1.0,0.0,1.0,1.0,0.6948259920318596,1.0,1.0,1.0,0.0,True,2021.09.16.19.27.01_veh-45_00472_00711,1,1631820946.4996898,588578.3999341882,4475617.681714215,588588.1943529592,4475597.400519167,1.0,1.1922792281016399e-257,0.0
457,c2d01510da5dcbb7b,1.0,1.0,1.0,1.0,0.8158218364863914,1.0,1.0,1.0,0.9342220844594255,True,2021.09.16.19.27.01_veh-45_01749_03230,1,1631822975.999569,588093.306823616,4475454.968582655,588097.9238301829,4475441.062098048,1.0,0.0,0.9424443239019973
458,155a384f7f1dbf66b,1.0,1.0,1.0,1.0,0.971568655250341,1.0,1.0,1.0,0.9898459483036932,True,2021.09.16.19.27.01_veh-45_01749_03230,1,1631822975.4997919,588096.7521094474,4475454.4357984625,588099.557371823,4475440.063541119,0.0,3.4556200025630944e-217,0.8661152047657316
459,350cac7c1e8fc966a,1.0,1.0,1.0,1.0,1.0,1.0,1.0,1.0,1.0,True,2021.10.06.07.26.10_veh-52_00006_00398,1,1633505271.7001848,364962.4384212071,143510.26823318182,364962.4392340935,143510.26881748787,0.0,3.405549339674171e-192,0.875
460,e5d97a89c908ac563,0.0,1.0,1.0,0.0,1.0,0.0,0.0,1.0,0.0,True,2021.09.29.18.19.40_veh-28_01268_01685,1,1632941224.099604,331422.43318180216,4690922.885890015,331384.2716653094,4690947.683311823,1.0,4.892449652292768e-180,0.0
461,672d1f18c743523e4,1.0,1.0,1.0,1.0,0.007930437202823925,1.0,0.0,1.0,0.5028322990010086,True,2021.10.06.07.26.10_veh-52_02208_02394,1,1633507574.7003539,365134.2436285801,144091.6305262504,365134.2606107388,144091.6205096046,0.0,6.348914278830101e-12,0.4399782616258825
462,62660d36960de718f,1.0,1.0,1.0,1.0,1.0,0.0,1.0,0.0,0.5,True,2021.09.16.16.20.27_veh-08_02435_02525,1,1631811848.199143,587488.7908552164,4475609.2286146665,587476.341365857,4475621.331103243,0.0,9.36015392526271e-22,0.4375
463,f0e29874418de93db,0.0,1.0,1.0,1.0,1.0,0.0,0.0,1.0,0.0,True,2021.09.29.18.19.40_veh-28_01268_01685,1,1632941224.099604,331410.805231065,4690930.593141233,331377.46391791926,4690953.198340016,1.0,0.16746834170651856,0.0
464,430915b356a81da1d,1.0,1.0,1.0,1.0,1.0,1.0,1.0,1.0,1.0,True,2021.09.16.13.53.10_veh-42_00077_00153,1,1631800604.8992178,589345.9945320435,4473887.030424407,589345.8776085568,4473898.349865252,0.0,0.1,0.875
465,19b05b1af3b23f887,1.0,1.0,0.0,1.0,1.0,1.0,0.0,1.0,0.0,True,2021.09.29.19.02.14_veh-28_02451_02708,1,1632944719.799715,330948.5760852454,4690173.705728282,330932.2729609059,4690142.531394294,1.0,0.05,0.0
466,bdc5b1c53a1749c9d,1.0,0.0,0.0,1.0,1.0,1.0,0.0,1.0,0.0,True,2021.09.16.19.27.01_veh-45_01749_03230,1,1631822442.499192,587604.753514035,4475942.019853364,587629.7849444667,4475958.859253801,0.0,0.07142857142857142,0.0
467,bf8b68552794d8026,1.0,1.0,1.0,1.0,0.8772957864820249,1.0,0.0,1.0,0.8133199237435803,True,2021.09.29.14.44.26_veh-28_00337_00504,1,1632927209.299624,331040.431029901,4690764.442528288,331062.87343016797,4690746.322171358,0.0,0.05263157894736842,0.7116549332756328
468,d745c239ecbf42d39,0.0,0.0,0.0,1.0,1.0,0.0,0.0,1.0,0.0,True,2021.09.16.16.20.27_veh-08_02435_02525,1,1631811848.199143,587494.6529945853,4475600.062559881,587477.1338275105,4475616.356426063,0.0,9.06287301793297e-145,0.0
469,0e733cf0e386ffd7e,1.0,0.0,1.0,1.0,1.0,1.0,1.0,1.0,0.0,True,2021.09.16.19.12.04_veh-42_00289_00398,1,1631820167.499603,589025.9082937529,4474708.298863114,589029.4627016194,4474682.325535497,0.0,0.0,0.0
470,2ad6d15da5c47d1be,1.0,0.0,1.0,1.0,0.6701012588420507,1.0,1.0,1.0,0.0,True,2021.09.16.19.27.01_veh-45_00472_00711,1,1631820947.000062,588576.8224294657,4475617.584564501,588586.5449416682,4475599.646280676,1.0,0.0,0.0
471,951dde0b224c880bd,1.0,1.0,1.0,1.0,0.7273605574130063,1.0,1.0,1.0,0.9026287705046451,True,2021.10.06.07.26.10_veh-52_00422_00728,1,1633505924.7000349,365408.86721108627,144310.0706320709,365397.5834338313,144317.75166395723,0.0,5.388605515894504e-236,0.7898001741915645
472,00fac31cd24587354,1.0,0.0,1.0,1.0,1.0,1.0,0.0,1.0,0.0,True,2021.09.16.19.27.01_veh-45_00472_00711,1,1631820946.4996898,588578.8513962855,4475615.557703371,588589.5109782948,4475595.106638918,0.0,0.0,0.0
473,4225dd6384602da80,1.0,1.0,0.5,1.0,0.4794228539933096,1.0,0.0,1.0,0.3356112239273767,True,2021.10.06.07.26.10_veh-52_01245_02064,1,1633506717.6997159,365053.3893982977,143024.52734284755,365058.75492799666,143019.26604008122,1.0,2.014766800742668e-143,0.3561598209364546
474,dae98f820d40b2d3d,0.0,1.0,1.0,1.0,0.6344281920881706,0.0,0.0,1.0,0.0,True,2021.10.06.07.26.10_veh-52_00006_00398,1,1633505271.7001848,364940.27094081475,143485.4071029048,364954.5266707088,143498.15414296914,1.0,2.1486362135859963e-56,0.0
475,e260f18e09079fc0a,1.0,1.0,1.0,1.0,0.30122715826285834,1.0,1.0,1.0,0.7504382708081637,True,2021.10.06.07.26.10_veh-52_01245_02064,1,1633507080.2000868,365178.2833334962,143541.21409494462,365176.0733698082,143537.19508756427,1.0,6.011091613607743e-226,0.7816334869571433
476,53ceaabb1364b9424,1.0,1.0,1.0,1.0,0.2903687646192118,1.0,0.0,1.0,0.6037031302211471,True,2021.08.16.14.23.37_veh-45_00015_00132,1,1629124021.9999518,589029.3200222747,4474679.566388653,589029.674052332,4474675.6116052745,0.0,0.0,0.5282402389435037
477,53df090218b63e39f,1.0,1.0,1.0,1.0,0.5425672697728673,1.0,1.0,1.0,0.836631167776024,True,2021.10.06.07.26.10_veh-52_00422_00728,1,1633505925.199883,365405.8685385766,144310.86236833315,365399.6951647312,144314.6798303127,0.0,2.013100022190673e-195,0.732052271804021
478,e837d678b75d5da6f,1.0,1.0,1.0,1.0,0.48052196953295506,1.0,0.0,1.0,0.6716149891189126,True,2021.10.06.07.26.10_veh-52_01245_02064,1,1633507080.2000868,365177.7270387498,143541.1081908243,365174.86224332894,143535.27082243,0.0,0.0,0.5876631154790485
479,d06e479e4e59a2a44,1.0,0.0,0.0,1.0,1.0,1.0,0.0,1.0,0.0,True,2021.09.16.13.53.10_veh-42_00077_00153,1,1631800604.8992178,589326.071929555,4473876.457178294,589343.793467729,4473887.717611547,0.0,0.1,0.0
480,32e9d651acdfc8f82,1.0,0.0,1.0,1.0,0.8081248252566433,1.0,1.0,1.0,0.0,True,2021.09.16.14.39.34_veh-42_00297_00935,1,1631803775.200522,587608.3832907691,4475929.132371503,587622.4652722728,4475951.58840358,0.0,0.07142857142857142,0.0
481,dcf19e94036cc47aa,1.0,1.0,0.0,1.0,1.0,1.0,0.0,1.0,0.0,True,2021.08.30.14.54.34_veh-40_00439_00835,1,1630336066.500321,331731.87993735704,4690909.000377529,331741.022313649,4690928.854492641,1.0,2.4763884934633096e-97,0.0
482,e3b56ed4a85f713c8,0.0,1.0,1.0,1.0,1.0,0.0,1.0,1.0,0.0,True,2021.09.16.14.39.34_veh-42_01111_01448,1,1631804389.199903,587577.282541573,4475692.800458063,587582.6986049548,4475690.7266437365,0.0,0.1,0.0
483,ccb673fb277fc767d,1.0,1.0,1.0,1.0,1.0,1.0,1.0,1.0,1.0,True,2021.09.16.14.39.34_veh-42_01111_01448,1,1631804388.699858,587585.1837002271,4475689.585424577,587588.5068298994,4475688.422397214,1.0,0.1,1.0
484,96a58a5e3850d0b3d,1.0,1.0,1.0,1.0,0.5631405171499657,1.0,1.0,1.0,0.8439787561249877,True,2021.09.16.14.39.34_veh-42_00032_00186,1,1631803358.199913,589347.6489895413,4473895.88192416,589344.8855163208,4473902.333993852,0.0,1.6435042835782375e-178,0.7384814116093643
485,6f4a5b483a72cf990,0.0,1.0,1.0,1.0,1.0,0.0,1.0,1.0,0.0,True,2021.06.03.17.06.58_veh-35_02571_02742,1,1622757072.300323,664429.1516805557,3998362.9869920784,664429.0479003673,3998377.7851563995,1.0,0.08333333333333333,0.0
486,599d18ef0c8b9c894,0.0,1.0,1.0,0.0,1.0,0.0,1.0,1.0,0.0,True,2021.08.30.13.45.25_veh-40_00878_01104,1,1630332140.000201,331740.4029771236,4690720.56011956,331758.7805967309,4690710.162747872,0.0,1.0,0.0
487,74e4cc639249b885a,1.0,0.0,1.0,1.0,1.0,1.0,1.0,1.0,0.0,True,2021.08.30.16.16.44_veh-40_00779_01088,1,1630341160.000258,331647.78004631546,4690786.45572476,331665.15571023634,4690800.387152643,0.0,2.355946434661024e-11,0.0
488,bb6f79a8768f43fd9,1.0,1.0,1.0,1.0,0.0061612205902015285,1.0,1.0,1.0,0.6450575787822148,True,2021.09.29.14.44.26_veh-28_00337_00504,1,1632927209.299624,331068.32370794564,4690735.724283433,331068.3235941769,4690735.707381657,0.0,0.05263157894736842,0.564425381434438
489,6d54d84f2aa7b99a8,1.0,0.0,0.5,1.0,0.5030580060990508,1.0,0.0,1.0,0.0,True,2021.09.16.19.27.01_veh-45_00472_00711,1,1631820947.000062,588590.1697572273,4475612.937723488,588589.19210334,4475596.842072101,0.0,0.0,0.0
490,a81080b37a16b485a,1.0,1.0,1.0,1.0,0.8888619176354712,1.0,0.0,1.0,0.8174506848698112,True,2021.10.06.08.16.17_veh-52_00181_00574,1,1633508613.2005038,365571.1659595039,144050.84696408382,365569.5633410014,144087.7579972643,1.0,0.058823529411764705,0.8402693492610848
491,43b92681b98be1dd3,0.0,0.0,0.0,1.0,1.0,0.0,0.0,1.0,0.0,True,2021.09.16.19.27.01_veh-45_01749_03230,1,1631822442.999637,587610.6059489488,4475939.862149494,587625.4140659071,4475958.365780614,0.0,0.07142857142857142,0.0
492,03a07d09ea9a5a563,0.0,1.0,1.0,1.0,1.0,0.0,0.0,1.0,0.0,True,2021.06.28.20.24.43_veh-38_03385_04952,1,1624916003.099648,664864.3618606833,3999619.5797150065,664855.6133862962,3999602.2906583226,1.0,0.08333333333333333,0.0
493,ef66f2c0cf4893824,1.0,0.0,0.0,1.0,1.0,1.0,0.0,1.0,0.0,True,2021.10.06.08.16.17_veh-52_00181_00574,1,1633508613.2005038,365566.9088144645,144076.0458550432,365569.18607155257,144097.73448337804,0.0,0.058823529411764705,0.0
494,d0bc7d7a692a6b0e9,0.0,1.0,1.0,1.0,1.0,0.0,1.0,1.0,0.0,True,2021.09.16.14.39.34_veh-42_01111_01448,1,1631804388.699858,587572.2293950559,4475694.865278587,587583.7860580443,4475690.316699088,0.0,0.1,0.0
495,65340cec441efc0c2,1.0,0.0,0.0,1.0,0.6891056173006684,1.0,1.0,1.0,0.0,True,2021.08.30.16.16.44_veh-40_00779_01088,1,1630341160.000258,331631.8178925656,4690779.822185726,331659.91041330446,4690795.149301147,0.0,1.4368012470493068e-56,0.0
496,8b44ee25391ad8a73,1.0,0.0,0.5,1.0,1.0,1.0,1.0,1.0,0.0,True,2021.06.28.16.29.11_veh-38_03263_03766,1,1624901429.299944,664427.9868296343,3997337.5618584086,664426.098472154,3997350.0707933614,0.0,0.14285714285714285,0.0
497,eadba795c4950544f,1.0,0.0,1.0,1.0,0.9432635509246033,1.0,1.0,1.0,0.0,True,2021.08.30.16.16.44_veh-40_00779_01088,1,1630341160.000258,331663.2594372038,4690802.5841179015,331669.99066716566,4690811.065864287,0.0,0.0,0.0
498,217065a6aefbd8186,1.0,1.0,1.0,1.0,0.6745996667829361,1.0,1.0,1.0,0.88378559527962,True,2021.10.06.07.26.10_veh-52_00422_00728,1,1633505925.199883,365415.00620762183,144302.12146867742,365401.87020555435,144315.33879863555,0.0,4.7338069858457186e-154,0.7733123958696675
499,e51cdc2544fd62fa6,1.0,1.0,0.0,1.0,0.7856741484400306,1.0,0.0,1.0,0.0,True,2021.10.06.07.26.10_veh-52_01245_02064,1,1633506717.1997628,365042.59366712475,143040.46340291205,365055.0048871664,143021.2950750207,1.0,2.295646470214959e-09,0.0
500,c3b8d6641081a7618,0.0,0.0,0.5,1.0,1.0,0.0,1.0,1.0,0.0,True,2021.09.16.13.53.10_veh-42_00077_00153,1,1631800604.399551,589328.9070814501,4473886.097573216,589344.7780854629,4473889.084691863,0.0,0.1,0.0
501,46c89f59183915eba,1.0,1.0,0.0,1.0,1.0,1.0,0.0,1.0,0.0,True,2021.10.06.07.26.10_veh-52_01245_02064,1,1633506717.6997159,365041.1650434989,143044.99736753418,365053.25974531367,143023.33434683993,1.0,0.003315428007231997,0.0
502,5ae5fc96ae87f7041,1.0,1.0,1.0,1.0,0.3684440590807279,1.0,1.0,1.0,0.7744443068145456,True,2021.10.06.08.16.17_veh-52_01590_01725,1,1633509884.1999009,365789.9672469059,143343.05474904194,365789.38613921363,143351.61802417273,0.0,0.1111111111111111,0.6776387684627274
503,2407bd58b67ea70b2,1.0,1.0,1.0,1.0,1.0,1.0,0.0,1.0,0.8571428571428571,True,2021.06.28.20.24.43_veh-38_03385_04952,1,1624916003.099648,664859.9707413071,3999609.9721867293,664852.5174855655,3999597.387830985,1.0,0.08333333333333333,0.875
504,d5638ab82149e235f,1.0,1.0,1.0,1.0,0.44310527230942254,1.0,1.0,1.0,0.8011090258247938,True,2021.09.16.19.12.04_veh-42_00289_00398,1,1631820167.999814,589028.2446134569,4474689.301672111,589028.6405590049,4474681.333676784,0.0,0.0,0.7009703975966945
505,030798975779630c4,1.0,0.0,1.0,1.0,1.0,0.0,0.0,1.0,0.0,True,2021.10.06.07.26.10_veh-52_00006_00398,1,1633505271.2003798,364938.8323754513,143479.3906316118,364956.14620627934,143500.0732635374,0.0,0.10710758406605758,0.0
506,8d6032130dcaff306,0.0,0.0,0.0,1.0,1.0,0.0,1.0,1.0,0.0,True,2021.09.16.19.27.01_veh-45_01749_03230,1,1631822442.999637,587618.7583575534,4475939.297943454,587629.0056068797,4475956.467521953,0.0,0.07142857142857142,0.0
507,a04d1509b1d00db31,1.0,1.0,1.0,1.0,1.0,1.0,1.0,1.0,1.0,True,2021.09.29.18.19.40_veh-28_01268_01685,1,1632941224.099604,331394.391718871,4690943.636279254,331373.02082244563,4690955.91580435,0.0,2.4243759405895154e-49,0.875
508,c9ac843f74b17080f,1.0,1.0,1.0,1.0,0.1160204431899266,1.0,0.0,1.0,0.541435872567831,True,2021.08.16.14.23.37_veh-45_00015_00132,1,1629124022.5001528,589029.6761880165,4474677.384768366,589029.6769097585,4474676.10596354,1.0,0.0,0.5987563884968521
509,8cbf7cbc0d30a3d05,1.0,1.0,1.0,1.0,0.6445005114087545,0.0,1.0,1.0,0.5158930397888409,True,2021.09.29.14.44.26_veh-28_00337_00504,1,1632927209.299624,331063.74495017505,4690749.369818745,331068.1427768673,4690739.443248312,0.0,0.05263157894736842,0.4514064098152358
510,5dbaff082e8bd2a5b,1.0,1.0,1.0,1.0,0.6914309240076735,1.0,0.0,1.0,0.7469396157170262,True,2021.10.06.07.26.10_veh-52_00422_00728,1,1633505925.199883,365419.12606932456,144299.8441889413,365404.02326735517,144312.44208234057,0.0,1.2918246116801074e-50,0.6535721637523979
511,0ff0e427305289854,1.0,0.0,0.0,1.0,1.0,1.0,0.0,1.0,0.0,True,2021.08.30.14.54.34_veh-40_00439_00835,1,1630336066.500321,331737.3290089539,4690915.05553768,331741.0958604133,4690930.102331549,1.0,9.269506548011353e-136,0.0
512,7b53b50d5b5c3a0e4,1.0,1.0,1.0,1.0,0.446389939366129,1.0,1.0,1.0,0.8022821212021889,True,2021.10.06.08.16.17_veh-52_01949_02501,1,1633510503.699663,365565.392472656,143112.32215650167,365570.00493076857,143101.9283337589,1.0,0.08333333333333333,0.8269968560519153
513,6eed4a0dccbd058f7,1.0,0.0,1.0,1.0,0.992140144593932,1.0,0.0,1.0,0.0,True,2021.09.16.19.27.01_veh-45_00472_00711,1,1631820946.4996898,588579.6208639448,4475615.719783354,588590.6113887066,4475595.893140342,0.0,0.0,0.0
514,0323a93ef0ac2cb18,0.0,1.0,0.0,1.0,1.0,0.0,0.0,1.0,0.0,True,2021.09.16.15.12.03_veh-42_01037_01434,1,1631806393.4995148,587612.6922695107,4475558.3195187235,587586.1227013613,4475575.789375079,0.0,1.9286183457717454e-124,0.0
515,e03ef0605d72ffd1a,1.0,0.0,1.0,1.0,1.0,1.0,1.0,1.0,0.0,True,2021.09.16.16.20.27_veh-08_02435_02525,1,1631811847.6994588,587487.7374548235,4475615.118781509,587477.2565738527,4475626.889153099,1.0,7.405293574341092e-13,0.0
516,cea842f2d5b0ad72d,1.0,1.0,1.0,1.0,0.5644375344293986,1.0,1.0,1.0,0.844441976581928,True,2021.10.06.08.16.17_veh-52_01590_01725,1,1633509884.699713,365792.4307918891,143335.91466137156,365790.0876684029,143347.69628470653,0.0,0.1111111111111111,0.738886729509187
517,3b8447bf8c7f49917,1.0,0.0,0.5,1.0,1.0,1.0,1.0,1.0,0.0,True,2021.09.16.19.27.01_veh-45_00472_00711,1,1631820947.000062,588575.1649403451,4475645.621559032,588582.0925282603,4475607.048546263,0.0,2.070910055389184e-46,0.0
518,a752f273da4956217,0.0,1.0,1.0,1.0,1.0,0.0,1.0,1.0,0.0,True,2021.09.16.19.27.01_veh-45_01749_03230,1,1631823395.4999728,587674.7395951675,4475503.849116871,587664.0725424171,4475511.655564957,1.0,0.0748979469723646,0.0
519,5ce376c0d0c1cc13f,1.0,0.0,0.0,1.0,0.4469063396506778,1.0,0.0,1.0,0.0,True,2021.09.16.19.27.01_veh-45_00472_00711,1,1631820947.000062,588590.4061478983,4475611.9311348945,588588.4065656052,4475596.582034324,0.0,0.0,0.0
520,d83d3619e63d183d6,0.0,1.0,1.0,1.0,1.0,0.0,1.0,1.0,0.0,True,2021.09.16.19.27.01_veh-45_01749_03230,1,1631823395.9997308,587682.4756416457,4475519.951709816,587665.8453597924,4475512.602036592,1.0,1.936696762551074e-13,0.0
521,015f3c215167f64d9,1.0,0.0,1.0,1.0,0.826772723927414,1.0,0.0,1.0,0.0,True,2021.09.16.13.53.10_veh-42_01510_01591,1,1631802035.8997738,588992.3860655614,4474783.70100694,588976.684240138,4474814.075678709,0.0,0.14285714285714285,0.0
522,18d79c8cb12df7f0e,1.0,1.0,1.0,1.0,0.05609299484688223,1.0,0.0,0.0,0.3771760695881722,True,2021.09.29.19.02.14_veh-28_02451_02708,1,1632944719.2998989,330929.0205234718,4690130.816213338,330928.9495929969,4690130.69925555,0.0,0.05,0.33002906088965067
523,c624adea428b6fde5,1.0,1.0,0.5,1.0,0.9782737454631893,1.0,1.0,1.0,0.4961203116898552,True,2021.09.16.13.53.10_veh-42_00180_00342,1,1631800743.400754,589071.5527813176,4474644.998787996,589091.1008054892,4474640.346729111,0.0,3.759029741356382e-07,0.4341052727286233
524,4d45bc29714d004dd,1.0,0.0,0.0,1.0,1.0,1.0,1.0,1.0,0.0,True,2021.09.16.19.27.01_veh-45_00472_00711,1,1631820946.4996898,588576.5977544961,4475619.653279665,588588.0505519953,4475595.614007048,0.0,0.0,0.0
525,52454445f992935d8,1.0,1.0,0.0,1.0,0.6968694985594671,1.0,1.0,1.0,0.0,True,2021.09.16.15.12.03_veh-42_01037_01434,1,1631806393.4995148,587581.4532338672,4475559.551070319,587579.4639104438,4475577.225298811,0.0,0.6927950684896802,0.0
526,8b6ef443197adad55,1.0,0.0,1.0,1.0,1.0,1.0,1.0,1.0,0.0,True,2021.09.16.19.27.01_veh-45_01749_03230,1,1631822975.4997919,588080.0505158538,4475477.776113232,588097.7962323121,4475451.133578419,1.0,0.29049617538095707,0.0
527,2c12490b19101760e,1.0,1.0,1.0,1.0,0.6343600962202933,1.0,1.0,1.0,0.8694143200786763,True,2021.09.16.19.27.01_veh-45_01749_03230,1,1631822975.4997919,588095.0201949,4475450.851038554,588098.0010939487,4475440.10462267,1.0,4.270263298405562e-208,0.8857375300688417
528,f476792b1bd197fca,1.0,1.0,0.5,1.0,0.8697179724834438,1.0,0.0,1.0,0.40530678080061494,True,2021.10.06.07.26.10_veh-52_01245_02064,1,1633506717.6997159,365049.2944884722,143028.40885744337,365062.53543202183,143016.7295526772,1.0,0.0,0.4171434332005381
529,087f308c89d8be0ec,1.0,0.0,0.0,1.0,0.9441647093921831,1.0,1.0,1.0,0.0,True,2021.09.16.14.39.34_veh-42_00032_00186,1,1631803358.199913,589331.6849805457,4473879.926524967,589346.9228926756,4473894.1069768,0.0,4.625530972545164e-11,0.0
530,35cbd378e962248ad,1.0,1.0,0.0,1.0,1.0,1.0,0.0,1.0,0.0,True,2021.08.16.14.23.37_veh-45_00015_00132,1,1629124021.9999518,589023.3943354788,4474712.200533754,589027.8355835025,4474684.585128577,1.0,6.321403843184258e-57,0.0
531,e9edc42aeefc7e850,1.0,1.0,1.0,1.0,0.8752847664854999,1.0,0.0,1.0,0.8126017023162498,True,2021.09.16.19.49.00_veh-42_00990_01609,1,1631823439.4997048,587720.5111879074,4475867.545527452,587695.5267892921,4475884.123138945,1.0,5.98583174171016e-25,0.8360264895267187
532,96e90fd2233ad685a,1.0,1.0,0.0,1.0,1.0,1.0,0.0,1.0,0.0,True,2021.10.06.08.16.17_veh-52_00181_00574,1,1633508613.2005038,365566.89984710776,144061.74941334312,365569.51614782977,144092.36719140827,0.0,0.058823529411764705,0.0
533,a34ac70446a543335,1.0,1.0,1.0,1.0,0.0,1.0,0.0,1.0,0.5,True,2021.09.16.15.12.03_veh-42_01037_01434,1,1631806392.9996428,587575.4104728932,4475578.793432359,587575.4101725717,4475578.79361674,0.0,1.3487968034329663e-81,0.4375
534,386d0b1a688b012fa,1.0,1.0,0.5,1.0,0.7703045462622804,1.0,0.0,1.0,0.3875543832611215,True,2021.08.30.14.54.34_veh-40_00439_00835,1,1630336066.500321,331726.56685477344,4690903.554692582,331737.11900636926,4690921.026843044,1.0,0.9999957544925686,0.4016100853534813
535,213be589c1849a8ad,1.0,0.0,0.5,1.0,1.0,0.0,0.0,1.0,0.0,True,2021.09.16.19.27.01_veh-45_01749_03230,1,1631822975.999569,588090.9694334642,4475464.110166311,588100.8872995912,4475446.249943599,1.0,5.013177113372114e-247,0.0
536,2df81c34dac0b3f5c,1.0,1.0,1.0,1.0,0.70492435530752,1.0,1.0,1.0,0.8946158411812571,True,2021.10.06.08.16.17_veh-52_01590_01725,1,1633509884.1999009,365795.5452043899,143323.75084737714,365790.30255042744,143345.22277181278,1.0,0.1111111111111111,0.9077888610336
537,66cd8a056ef3dbdd3,1.0,1.0,1.0,1.0,0.6564741022604956,1.0,1.0,1.0,0.8773121793787484,True,2021.09.29.18.19.40_veh-28_00438_00833,1,1632940206.099712,331015.58090771217,4691177.293581505,331008.73311740934,4691174.703744864,1.0,3.6619321898679556e-120,0.8926481569564049
538,8cc9b24e2d92d273a,1.0,1.0,0.5,1.0,0.894447087201934,1.0,0.0,1.0,0.40972269414320245,True,2021.10.06.08.16.17_veh-52_00181_00574,1,1633508612.700299,365568.4609041715,144069.38134320296,365570.10152604437,144095.6256226331,0.0,7.467477406950365e-09,0.35850735737530215
539,08832f5c360f2e9d6,0.5,1.0,1.0,1.0,1.0,0.0,1.0,1.0,0.32142857142857145,True,2021.08.30.13.45.25_veh-40_00878_01104,1,1630332140.500275,331753.7854272038,4690713.68590861,331763.88692262594,4690707.752675697,1.0,0.2,0.34375
540,8ebb7ac6b5b06cde1,1.0,0.0,1.0,1.0,0.8165853969603457,1.0,1.0,1.0,0.0,True,2021.09.16.13.53.10_veh-42_01510_01591,1,1631802035.8997738,588984.6085665629,4474800.317083901,588973.1044854783,4474821.645549667,0.0,0.14285714285714285,0.0
541,4d2744d7e3bd555b5,1.0,1.0,1.0,1.0,0.8932817319641949,1.0,1.0,1.0,0.9618863328443553,True,2021.09.29.19.02.14_veh-28_02451_02708,1,1632944719.799715,330963.9020425034,4690196.40594798,330939.77006940346,4690153.141794767,1.0,0.05,0.9666505412388109
542,566746c1b29ff6a10,1.0,1.0,1.0,1.0,0.7752895324264848,1.0,1.0,1.0,0.9197462615808875,True,2021.09.16.14.39.34_veh-42_00032_00186,1,1631803358.699646,589345.3118143785,4473895.992187967,589343.2641601543,4473904.354872787,1.0,0.0625,0.9297779788832765
543,8caf8f0fb08aa9aa2,1.0,1.0,1.0,1.0,0.9816036291824878,1.0,1.0,1.0,0.9934298675651743,True,2021.06.03.12.02.06_veh-35_00233_00609,1,1622736828.001318,664207.0778329822,3997421.18290983,664214.38526611,3997420.448930748,1.0,0.14285714285714285,0.9942511341195275
544,8d911e0483906d5f9,1.0,1.0,1.0,1.0,1.0,1.0,1.0,1.0,1.0,True,2021.09.16.14.39.34_veh-42_00297_00935,1,1631803774.699926,587614.2111268172,4475930.9052034365,587624.5076439013,4475954.484254003,0.0,0.07142857142857142,0.875
545,c1b9b8e570da075bf,0.0,0.0,1.0,1.0,1.0,0.0,1.0,1.0,0.0,True,2021.09.29.18.19.40_veh-28_00438_00833,1,1632940206.099712,331018.85912810056,4691179.529445176,331013.59177326533,4691177.268767725,1.0,3.0754650795254906e-10,0.0
546,b3b9360d8f660b634,1.0,0.0,1.0,1.0,1.0,1.0,1.0,1.0,0.0,True,2021.09.16.19.27.01_veh-45_01749_03230,1,1631822975.999569,588082.9616000768,4475474.820420236,588098.3811539209,4475450.920060717,0.0,1.7750569440085183e-65,0.0
547,def3a7e5b9515c6fb,1.0,1.0,0.5,1.0,0.7175966467721021,1.0,1.0,1.0,0.44957082978073254,True,2021.09.16.15.12.03_veh-42_01037_01434,1,1631806392.9996428,587580.8958719994,4475561.463827425,587578.1895967039,4475577.356371172,0.0,1.0887049037035267e-20,0.39337447605814096
548,6d4656583dbcb0d29,1.0,1.0,0.5,1.0,0.8345493293709836,1.0,0.0,1.0,0.39902666595910424,True,2021.10.06.07.26.10_veh-52_01245_02064,1,1633506717.1997628,365058.5517722144,143021.02795098897,365065.0894069102,143014.16452631386,0.0,7.550740137159967e-243,0.3491483327142162
549,3e951c01a5baffd96,0.0,1.0,1.0,1.0,1.0,0.0,0.0,1.0,0.0,True,2021.09.16.14.39.34_veh-42_01111_01448,1,1631804388.699858,587580.4135958661,4475690.609245251,587586.352062473,4475688.799832999,1.0,0.1,0.0
550,f5ac498d3e649455a,1.0,0.0,0.5,1.0,1.0,1.0,0.0,1.0,0.0,True,2021.09.16.19.27.01_veh-45_00472_00711,1,1631820947.000062,588578.8107442762,4475611.753761896,588586.8912155055,4475596.957258631,1.0,0.0,0.0
551,1c719a50f45d2db1e,1.0,0.0,1.0,1.0,0.8899923139750853,1.0,0.0,1.0,0.0,True,2021.08.16.14.23.37_veh-45_00015_00132,1,1629124022.5001528,589021.520729356,4474728.191669318,589027.8224572034,4474692.544542104,1.0,1.209722764640438e-06,0.0
552,a78f2817702c75036,0.5,0.0,0.5,1.0,0.7555470693317997,0.0,0.0,1.0,0.0,True,2021.09.16.19.49.00_veh-42_00990_01609,1,1631823439.000016,587712.4763953848,4475870.209252385,587693.5337966128,4475883.154347738,0.0,0.07692307692307693,0.0
553,83b6e2ed6238cd43a,1.0,1.0,1.0,1.0,0.8048199316904361,1.0,1.0,1.0,0.9302928327465843,True,2021.06.03.17.06.58_veh-35_02571_02742,1,1622757072.300323,664429.4977985196,3998375.5535351555,664429.4170899028,3998381.6353194253,0.0,0.08333333333333333,0.8140062286532612
554,b1429f698429f9202,1.0,1.0,1.0,1.0,0.8994719995039521,1.0,0.0,1.0,0.82123999982284,True,2021.09.29.19.02.14_veh-28_02451_02708,1,1632944719.2998989,330959.0309128694,4690190.717217289,330935.72427001124,4690147.205440732,1.0,0.05,0.843584999844985
555,1cffc233df9758d3d,0.5,0.0,0.0,1.0,1.0,0.0,0.0,1.0,0.0,True,2021.09.16.19.27.01_veh-45_01749_03230,1,1631822442.499192,587607.878168235,4475942.153436512,587630.3200820782,4475958.402090932,0.0,0.07142857142857142,0.0
556,5154115e543f3aa9a,1.0,0.0,1.0,1.0,0.6693167512863164,1.0,1.0,1.0,0.0,True,2021.06.03.12.02.06_veh-35_00233_00609,1,1622736828.001318,664209.0990142684,3997418.3654230237,664214.6106547937,3997419.1769245523,0.0,0.14285714285714285,0.0
557,5177a4ffa159dea26,1.0,0.0,0.5,1.0,1.0,1.0,1.0,1.0,0.0,True,2021.09.16.13.53.10_veh-42_00077_00153,1,1631800604.399551,589337.2445736548,4473882.905979966,589346.8176409088,4473893.374476041,0.0,0.1,0.0
558,47c8824494b12b2ae,1.0,1.0,1.0,1.0,0.7141098138441943,1.0,0.0,1.0,0.7550392192300694,True,2021.10.06.07.26.10_veh-52_01245_02064,1,1633507080.700362,365185.01536337065,143558.43982995054,365177.5948504976,143541.54729994797,0.0,2.596795204752669e-202,0.6606593168263107
559,e5f62e45611621e50,0.0,1.0,1.0,1.0,1.0,0.0,1.0,1.0,0.0,True,2021.06.03.17.06.58_veh-35_02571_02742,1,1622757072.300323,664430.2621535007,3998366.6626674114,664430.2932146324,3998376.9157696282,0.0,0.08333333333333333,0.0
560,d2de0edb11096f082,1.0,1.0,1.0,1.0,0.8200731742774209,1.0,1.0,1.0,0.9357404193847932,True,2021.10.06.07.26.10_veh-52_00422_00728,1,1633505924.7000349,365439.046034493,144283.69542306158,365409.45743787935,144308.80748876333,1.0,1.2536469449130477e-50,0.943772866961694
561,5d4aa32c37f581673,1.0,1.0,1.0,1.0,1.0,0.0,0.0,1.0,0.5,True,2021.09.29.14.44.26_veh-28_00337_00504,1,1632927209.299624,331049.75306819315,4690759.640690648,331065.89928185346,4690743.454569762,0.0,0.05263157894736842,0.4375
562,79ba4023648130a0c,0.0,0.0,0.5,1.0,1.0,0.0,1.0,1.0,0.0,True,2021.06.03.12.02.06_veh-35_00233_00609,1,1622736828.001318,664195.1993003419,3997414.61988375,664208.5480739131,3997422.133497788,0.0,0.14285714285714285,0.0
563,b22a9c0ef981d4004,1.0,1.0,1.0,1.0,0.013319021865428238,1.0,1.0,1.0,0.6476139363805101,True,2021.09.16.16.20.27_veh-08_02435_02525,1,1631811848.199143,587475.047838703,4475624.004407964,587475.1078468406,4475624.146920971,0.0,0.008852390008860898,0.5666621943329464
564,ac3ff7df2071920ad,1.0,1.0,1.0,1.0,1.0,1.0,0.0,1.0,0.8571428571428571,True,2021.09.16.14.39.34_veh-42_00297_00935,1,1631803775.200522,587616.9466380901,4475941.979486366,587625.5477602656,4475955.383239301,1.0,0.07142857142857142,0.875
565,43f7fbb8fc3c4d17b,1.0,0.0,0.5,1.0,1.0,1.0,1.0,1.0,0.0,True,2021.06.28.16.29.11_veh-38_03263_03766,1,1624901428.800276,664428.1491941726,3997337.188541356,664426.1022647042,3997350.056233035,0.0,0.14285714285714285,0.0
566,84216c5077769d755,1.0,1.0,0.0,1.0,1.0,1.0,0.0,1.0,0.0,True,2021.08.30.14.54.34_veh-40_00439_00835,1,1630336066.0001578,331729.40634297294,4690904.288404327,331740.2490820224,4690926.780807443,1.0,0.9919118444794651,0.0
567,a2ebc2aec41ccbb33,1.0,1.0,1.0,1.0,0.4488069030262718,1.0,1.0,1.0,0.8031453225093828,True,2021.09.29.14.44.26_veh-28_00337_00504,1,1632927209.299624,331061.6742046813,4690746.076436868,331065.91458288,4690740.109751239,0.0,0.05263157894736842,0.7027521571957099
568,40f8e0ab453bddbb1,1.0,1.0,0.5,1.0,0.39049180329038397,1.0,0.0,1.0,0.31973067915899717,True,2021.10.06.07.26.10_veh-52_01245_02064,1,1633506717.1997628,365054.6150596499,143023.3658037159,365059.3280038629,143018.63758381078,1.0,6.594933248336371e-27,0.3422643442641225
569,5f9c9346ee3131354,0.0,1.0,1.0,1.0,1.0,0.0,0.0,1.0,0.0,True,2021.09.29.19.02.14_veh-28_00540_00917,1,1632942930.799655,331499.6219435326,4690873.635498804,331481.5763292799,4690886.449640387,1.0,6.639906752232545e-27,0.0
570,4f4151894f1e74390,0.0,1.0,1.0,1.0,0.6719253573353289,1.0,0.0,1.0,0.0,True,2021.10.06.07.26.10_veh-52_00006_00398,1,1633505271.2003798,364941.7486236808,143485.69212303215,364955.90770688915,143500.228399372,1.0,0.8502225594929155,0.0
571,19d1ed57ca3224e24,0.0,0.0,1.0,1.0,1.0,0.0,0.0,0.0,0.0,True,2021.09.16.16.20.27_veh-08_02435_02525,1,1631811848.199143,587511.8696614684,4475599.945521595,587479.5764489914,4475612.988146057,0.0,4.36106986472e-312,0.0
572,1282ea8855e3dab29,1.0,1.0,1.0,1.0,1.0,1.0,1.0,1.0,1.0,True,2021.09.16.13.53.10_veh-42_00077_00153,1,1631800604.399551,589345.4865414127,4473886.512614088,589346.6208258684,4473897.893264551,0.0,0.1,0.875
573,7c2bed78bc3df5a9b,1.0,1.0,0.0,1.0,1.0,1.0,0.0,1.0,0.0,True,2021.10.06.07.26.10_veh-52_01245_02064,1,1633506717.6997159,365043.02223416575,143041.10803436342,365056.2992075093,143021.1667117071,0.0,9.361363742731144e-55,0.0
574,e91ac9ef742425106,1.0,1.0,1.0,1.0,0.6550199121162318,1.0,0.0,1.0,0.7339356828986542,True,2021.09.29.19.02.14_veh-28_02451_02708,1,1632944719.799715,330940.91245743365,4690157.872563748,330931.4978456596,4690138.544723118,1.0,0.05,0.7671937225363225
575,e58c5ddaa428a3e26,1.0,0.0,0.5,1.0,1.0,1.0,1.0,1.0,0.0,True,2021.09.16.19.27.01_veh-45_00472_00711,1,1631820946.4996898,588575.1298658978,4475645.51512851,588582.9637172248,4475606.678900514,0.0,1.0,0.0
576,d603eac1517a7fe9a,1.0,1.0,1.0,1.0,0.9169090686846791,1.0,1.0,1.0,0.9703246673873854,True,2021.09.29.14.44.26_veh-28_00337_00504,1,1632927209.299624,331030.35210993496,4690770.042524032,331060.0829406883,4690748.29050328,0.0,0.05263157894736842,0.8490340839639623
577,b02f376e03d453a0a,0.0,1.0,1.0,1.0,1.0,0.0,1.0,1.0,0.0,True,2021.06.03.17.06.58_veh-35_02571_02742,1,1622757072.800535,664429.7817287295,3998359.1396319466,664429.5685930041,3998374.3639631863,0.0,0.08333333333333333,0.0
578,803b2f23625961a5b,1.0,0.0,1.0,1.0,0.955601347346662,1.0,1.0,1.0,0.0,True,2021.10.06.07.26.10_veh-52_01245_02064,1,1633507080.700362,365204.4238596567,143600.21249730632,365184.7553285088,143556.5317870367,1.0,5.605993397843338e-108,0.0
579,15b6de5b6b812b547,1.0,1.0,1.0,1.0,1.0,1.0,1.0,1.0,1.0,True,2021.05.25.14.26.37_veh-27_04122_04279,1,1621971542.899617,664460.811330147,3997783.913169208,664461.3008728046,3997775.4495604504,0.0,4.1937250548575796e-142,0.875
580,22a3ae905426058d2,1.0,1.0,0.0,1.0,1.0,1.0,0.0,1.0,0.0,True,2021.10.06.08.16.17_veh-52_00181_00574,1,1633508612.700299,365567.7649145093,144065.27119851607,365570.15940619016,144095.58499807148,0.0,1.8080985485186773e-09,0.0
581,8b4f3b5980bf21a3b,1.0,1.0,1.0,1.0,0.7280177758172037,1.0,0.0,1.0,0.7600063485061442,True,2021.10.06.08.16.17_veh-52_00181_00574,1,1633508612.700299,365569.82346122275,144081.5299554249,365571.58493356116,144098.17542170818,1.0,7.5566682739185314e-06,0.7900055549428762
582,c4a613ef81174337b,1.0,0.0,1.0,1.0,1.0,1.0,0.0,1.0,0.0,True,2021.10.06.08.16.17_veh-52_01949_02501,1,1633510503.699663,365562.877608481,143118.01609232678,365570.1088860757,143102.4689805982,1.0,0.08333333333333333,0.0
583,d48e40aefebe5e31f,1.0,0.0,0.0,1.0,1.0,1.0,1.0,0.0,0.0,True,2021.09.16.14.39.34_veh-42_00032_00186,1,1631803358.699646,589329.9556596857,4473878.116642342,589347.0608237209,4473892.183432266,0.0,0.0625,0.0
584,9afa1551ea25fbb00,1.0,1.0,1.0,1.0,1.0,1.0,0.0,1.0,0.8571428571428571,True,2021.10.06.07.26.10_veh-52_01245_02064,1,1633507080.2000868,365201.7238347146,143596.23504611335,365182.31032960594,143553.85821582936,1.0,6.916737719448991e-127,0.875
585,ae4f3518384257a07,1.0,1.0,1.0,1.0,0.4329134920219198,1.0,1.0,1.0,0.7974691042935428,True,2021.10.06.08.16.17_veh-52_01590_01725,1,1633509884.699713,365789.2052920108,143346.98542774076,365788.9875183041,143353.5007728554,0.0,0.1111111111111111,0.6977854662568499
586,d328dc60ffaca31bf,1.0,1.0,1.0,1.0,0.7650697204494523,1.0,0.0,1.0,0.7732391858748044,True,2021.09.29.19.02.14_veh-28_02451_02708,1,1632944719.2998989,330947.5623093139,4690168.65320964,330932.19448602304,4690140.673857683,0.0,0.05,0.6765842876404539
587,8003dfc9e785aaede,0.0,1.0,0.5,1.0,1.0,0.0,0.0,1.0,0.0,True,2021.09.16.15.12.03_veh-42_01037_01434,1,1631806392.9996428,587604.6605613014,4475564.670943057,587585.0601884702,4475575.702941231,0.0,2.825583400041825e-35,0.0
588,b0b33738475eb449a,1.0,1.0,1.0,1.0,0.8842186369363633,1.0,0.0,1.0,0.8157923703344154,True,2021.09.29.19.02.14_veh-28_02451_02708,1,1632944719.2998989,330956.5076921245,4690184.751048336,330933.97232581064,4690144.207556811,1.0,0.05,0.8388183240426135
589,0cdb9c6ab183da958,1.0,1.0,1.0,1.0,0.648916313353419,1.0,1.0,1.0,0.8746129690547926,True,2021.10.06.07.26.10_veh-52_00422_00728,1,1633505925.199883,365423.78304779006,144295.55979959684,365407.3129821132,144308.74468301982,1.0,0.9999999999999999,0.8902863479229435
590,918fb02f94c16537d,1.0,1.0,1.0,1.0,0.9140649922041469,1.0,1.0,1.0,0.9693089257871953,True,2021.09.16.13.53.10_veh-42_00180_00342,1,1631800743.900833,589070.8131902774,4474645.7879759045,589090.1149526256,4474641.452166356,0.0,0.058823529411764705,0.8481453100637959
591,6c853ea6e6c4a2a77,1.0,0.0,0.0,1.0,1.0,1.0,0.0,1.0,0.0,True,2021.10.06.07.26.10_veh-52_01245_02064,1,1633506717.6997159,365042.09379193676,143043.64431255218,365052.051698225,143024.58309413877,1.0,0.9966845583624978,0.0
592,7e6c6310177832aed,1.0,0.0,1.0,1.0,0.9892876391158,1.0,1.0,1.0,0.0,True,2021.09.29.14.44.26_veh-28_00337_00504,1,1632927209.799903,331063.0277481548,4690742.427360495,331067.39414591034,4690734.1563586285,1.0,0.05263157894736842,0.0
593,3dafbde4626235155,1.0,1.0,0.5,1.0,0.853871018395787,1.0,0.0,1.0,0.40247696757067625,True,2021.09.16.19.49.00_veh-42_00990_01609,1,1631823439.000016,587716.3295358268,4475871.042595385,587693.6898991348,4475885.563491177,0.0,0.07692307692307693,0.35216734662434174
594,ac83e59ec47471195,1.0,0.0,1.0,1.0,1.0,1.0,0.0,1.0,0.0,True,2021.09.16.19.27.01_veh-45_01749_03230,1,1631822442.499192,587618.1546114641,4475950.513806329,587633.8171875047,4475957.307732379,0.0,0.07142857142857142,0.0
595,769c3d78ab53dd47b,1.0,1.0,1.0,1.0,0.947475784679514,1.0,1.0,1.0,0.9812413516712549,True,2021.09.16.19.27.01_veh-45_01749_03230,1,1631822975.999569,588096.7813883205,4475453.702053653,588099.376181887,4475440.392234816,0.0,0.0,0.8585861827123481
596,15ab133cee3e14b85,1.0,0.0,0.0,1.0,1.0,1.0,1.0,0.0,0.0,True,2021.09.16.13.53.10_veh-42_00077_00153,1,1631800604.8992178,589327.5794844457,4473878.359134871,589347.1277405792,4473891.080296261,0.0,0.1,0.0
597,32f1711fd411244b6,0.0,0.0,0.5,1.0,1.0,0.0,0.0,1.0,0.0,True,2021.09.16.15.12.03_veh-42_01037_01434,1,1631806393.4995148,587586.4336718202,4475559.8703824375,587585.5715616156,4475573.981757907,0.0,2.815990906782408e-130,0.0
598,c3f88ffa3ddcecc64,0.0,0.0,1.0,1.0,1.0,0.0,1.0,1.0,0.0,True,2021.09.29.18.19.40_veh-28_01268_01685,1,1632941224.099604,331414.825148806,4690926.413571045,331381.84910202964,4690949.736291924,1.0,2.9206653247708664e-77,0.0
599,2df66cb5d7a252afe,0.0,0.0,0.5,1.0,1.0,0.0,1.0,1.0,0.0,True,2021.06.03.12.02.06_veh-35_00233_00609,1,1622736828.001318,664196.0947294404,3997416.392960449,664209.919025771,3997421.5857083937,0.0,0.14285714285714285,0.0
600,9cef002202fcf25ea,1.0,1.0,1.0,1.0,0.915219875492383,1.0,1.0,1.0,0.9697213841044225,True,2021.09.16.15.12.03_veh-42_01037_01434,1,1631806393.4995148,587581.7809525889,4475575.14956683,587575.3928620159,4475578.803669178,0.0,1.1585193664651745e-26,0.8485062110913697
601,4fa2e904e6a4504ba,1.0,0.0,0.5,1.0,1.0,1.0,0.0,1.0,0.0,True,2021.08.16.14.23.37_veh-45_00015_00132,1,1629124022.5001528,589028.2369202615,4474702.252391084,589030.9985062976,4474684.18783349,0.0,7.262460328332054e-249,0.0
602,47a79d5ba0ff53156,1.0,0.0,1.0,1.0,1.0,1.0,1.0,1.0,0.0,True,2021.06.28.16.29.11_veh-38_03263_03766,1,1624901428.800276,664427.1706248375,3997338.336231894,664426.0320546693,3997347.342058148,0.0,0.14285714285714285,0.0
603,d79599d25c9842625,1.0,1.0,1.0,1.0,0.9058508849112898,1.0,0.0,1.0,0.8235181731826035,True,2021.10.06.07.26.10_veh-52_01245_02064,1,1633507080.700362,365195.62173727277,143578.6283623599,365181.5216309361,143550.74864853948,1.0,0.43190438439578555,0.845578401534778
604,b4c09963d7ae450c8,0.0,0.0,0.0,1.0,1.0,0.0,0.0,1.0,0.0,True,2021.09.16.19.27.01_veh-45_01749_03230,1,1631822442.999637,587608.9398570831,4475935.147079721,587624.8556739915,4475954.746921833,0.0,0.07142857142857142,0.0
605,8779ba759ea792fbc,1.0,1.0,1.0,1.0,0.18197804637306375,1.0,1.0,1.0,0.7078493022760942,True,2021.09.29.18.19.40_veh-28_00438_00833,1,1632940205.599778,331010.5299484558,4691175.900849491,331008.87695108796,4691175.381490365,1.0,2.117284887234938e-22,0.7443681394915824
606,3f9281303565d8313,1.0,0.0,1.0,1.0,0.918326278541189,1.0,0.0,1.0,0.0,True,2021.09.16.19.12.04_veh-42_00289_00398,1,1631820167.499603,589024.0489245487,4474727.345292923,589028.8850609063,4474689.355826154,1.0,6.531050874796091e-58,0.0
607,403fbd9b66d2c8d5f,1.0,0.0,0.0,1.0,1.0,1.0,1.0,1.0,0.0,True,2021.09.16.19.27.01_veh-45_00472_00711,1,1631820947.000062,588573.3504295864,4475649.423272922,588581.3107728028,4475606.646408551,0.0,3.8723608043953904e-45,0.0
608,22e34699b1bc71621,1.0,1.0,1.0,1.0,1.0,1.0,1.0,1.0,1.0,True,2021.10.06.07.26.10_veh-52_01245_02064,1,1633507080.700362,365181.87176049047,143550.06209368358,365175.0858533449,143535.72655322275,0.0,0.0,0.875
609,fa08741543328286c,1.0,1.0,1.0,1.0,0.6152997054953212,1.0,1.0,1.0,0.8626070376769004,True,2021.09.16.19.27.01_veh-45_01749_03230,1,1631822975.4997919,588094.9594385966,4475450.553714716,588098.0010939487,4475440.10462267,1.0,4.270263298405562e-208,0.8797811579672878
610,8fb004759e2d805f0,1.0,0.0,1.0,1.0,1.0,1.0,1.0,1.0,0.0,True,2021.09.16.19.27.01_veh-45_01749_03230,1,1631822975.4997919,588085.2963548787,4475470.466774506,588099.3302159877,4475448.39309382,0.0,4.442592625377599e-09,0.0
611,f5fd2bdb809b789db,1.0,0.0,0.0,1.0,1.0,1.0,0.0,1.0,0.0,True,2021.09.29.19.02.14_veh-28_02451_02708,1,1632944719.799715,330949.1974701541,4690165.126366211,330934.6488638749,4690140.213552183,0.0,0.05,0.0
612,da1d2937d8bad05e3,1.0,1.0,1.0,1.0,0.9709839610610029,1.0,1.0,1.0,0.9896371289503582,True,2021.09.16.19.27.01_veh-45_01749_03230,1,1631822975.4997919,588096.5118142494,4475454.157885624,588099.1154263448,4475439.870898267,0.0,2.2523809518258925e-222,0.8659324878315634
613,ccb5c099cfbfadf38,1.0,0.0,1.0,1.0,1.0,1.0,1.0,1.0,0.0,True,2021.09.16.19.27.01_veh-45_01749_03230,1,1631822975.4997919,588092.9922534409,4475460.81626216,588100.7220810264,4475444.431212032,1.0,9.157648126994661e-84,0.0
614,28ee06f98b43e0a85,1.0,0.0,0.5,1.0,1.0,0.0,1.0,1.0,0.0,True,2021.09.16.15.12.03_veh-42_01037_01434,1,1631806392.9996428,587585.4887898794,4475563.5179555295,587581.6806389719,4475575.937371272,0.0,0.014236436361102703,0.0
615,8858ecf4e78fd953a,1.0,1.0,1.0,1.0,0.25828558154921805,1.0,0.0,1.0,0.5922448505532921,True,2021.08.16.14.23.37_veh-45_00015_00132,1,1629124021.9999518,589029.6407478933,4474679.0947644375,589029.674052332,4474675.6116052745,1.0,0.0,0.6432142442341306
616,e1cc25220fa30adcd,1.0,1.0,1.0,1.0,0.8584003420162946,1.0,0.0,1.0,0.8065715507201051,True,2021.10.06.07.26.10_veh-52_00006_00398,1,1633505271.2003798,364957.5581584694,143502.0664122148,364963.08017096063,143509.56325047574,0.0,7.923385736708723e-286,0.705750106880092
617,558bb29151a7f95b1,0.0,1.0,1.0,1.0,1.0,0.0,0.0,1.0,0.0,True,2021.05.25.14.26.37_veh-27_04122_04279,1,1621971543.399616,664462.5154097012,3997795.7061189087,664461.8229877781,3997783.5742480448,1.0,1.0053886049652432e-15,0.0
618,fd516de1672fb997a,1.0,0.0,0.0,1.0,1.0,0.0,0.0,1.0,0.0,True,2021.09.16.19.27.01_veh-45_01749_03230,1,1631822975.999569,588091.8216823441,4475468.881298179,588100.7387873931,4475447.121988398,0.0,3.4020443805305084e-213,0.0
619,5a6b5af2e36371f17,1.0,1.0,1.0,1.0,0.0,1.0,1.0,1.0,0.6428571428571429,True,2021.09.29.18.19.40_veh-28_00438_00833,1,1632940206.099712,331005.682910358,4691173.80365065,331005.6825438312,4691173.803419732,1.0,3.614447267905519e-238,0.6875
620,b4f924a8633b4e666,0.5,1.0,1.0,0.0,1.0,0.0,1.0,1.0,0.0,True,2021.08.30.13.45.25_veh-40_00878_01104,1,1630332140.000201,331745.12277540803,4690717.59693733,331762.03466912464,4690708.524360194,1.0,1.0577326345258795e-55,0.0
621,091f890b966563016,1.0,1.0,1.0,1.0,0.5556241066071365,1.0,1.0,1.0,0.8412943237882631,True,2021.09.29.14.44.26_veh-28_00337_00504,1,1632927209.299624,331061.96364666766,4690746.314157792,331066.06104089896,4690739.378946209,0.0,0.05263157894736842,0.7361325333147302
622,90ffd09937f409beb,1.0,1.0,1.0,1.0,0.44110802241993213,1.0,0.0,1.0,0.65753857943569,True,2021.09.29.19.02.14_veh-28_02451_02708,1,1632944719.2998989,330933.74590804736,4690139.942174966,330928.8520897193,4690131.115949488,1.0,0.05,0.7003462570062288
623,df73f150c23f6aeec,1.0,1.0,0.0,1.0,1.0,1.0,0.0,1.0,0.0,True,2021.10.06.08.16.17_veh-52_00181_00574,1,1633508613.2005038,365567.5907511787,144051.70129926418,365568.665285179,144087.45932914552,1.0,0.058823529411764705,0.0
624,1169425dafd2dc633,1.0,1.0,1.0,1.0,0.7101624862047896,1.0,1.0,1.0,0.8964866022159963,True,2021.08.16.14.23.37_veh-45_00015_00132,1,1629124021.9999518,589027.4913613205,4474700.67212598,589029.7570506848,4474681.982653468,0.0,1.7789634773162482e-137,0.7844257769389967
625,5065468cd60f1bc00,1.0,1.0,1.0,1.0,0.748703057716451,1.0,1.0,1.0,0.9102510920415897,True,2021.10.06.08.16.17_veh-52_01590_01725,1,1633509884.1999009,365790.7701238293,143344.38450966877,365789.2022242418,143354.99080530662,1.0,0.1111111111111111,0.921469705536391
626,ae40e2e1ac7bb59ef,1.0,0.0,1.0,1.0,0.7198044712465951,1.0,1.0,1.0,0.0,True,2021.10.06.08.16.17_veh-52_00181_00574,1,1633508613.2005038,365570.48826786294,144100.92838254967,365577.5213295677,144105.7083277394,0.0,0.058823529411764705,0.0
627,45eccc47d6cb959e7,1.0,1.0,1.0,1.0,0.0,1.0,1.0,1.0,0.6428571428571429,True,2021.09.29.18.19.40_veh-28_00438_00833,1,1632940206.099712,331009.20059417584,4691174.841113814,331009.197519981,4691174.840371734,1.0,4.639677773777486e-106,0.6875
628,7d026bbe1e37cd6bf,1.0,1.0,0.5,1.0,0.6388268569423653,1.0,1.0,1.0,0.4355047958825652,True,2021.09.16.15.12.03_veh-42_01037_01434,1,1631806393.4995148,587581.2442943517,4475563.193979185,587579.0212105248,4475576.736721622,0.0,0.1017603691953421,0.38106669639724455
629,797abeb7772dd6343,1.0,1.0,1.0,1.0,0.29364479980937047,1.0,0.0,1.0,0.6048731427890609,True,2021.09.29.19.02.14_veh-28_02451_02708,1,1632944719.799715,330932.84105781664,4690137.220816145,330930.4961451151,4690133.351917621,0.0,0.05,0.5292639999404283
630,a13664addc273bf0a,1.0,1.0,1.0,1.0,0.7124853056359628,1.0,1.0,1.0,0.8973161805842723,True,2021.08.30.16.16.44_veh-40_00779_01088,1,1630341159.500238,331650.58195220394,4690793.520524049,331665.67512680806,4690802.421449731,0.0,0.012579828447442362,0.7851516580112383
631,54ddae029448a073a,1.0,1.0,1.0,1.0,0.6183604306763412,1.0,1.0,1.0,0.863700153812979,True,2021.09.29.18.19.40_veh-28_01268_01685,1,1632941224.099604,331383.53431578306,4690948.41090603,331371.96746215585,4690955.374471859,1.0,3.165191899603199e-59,0.8807376345863567
632,6787e9f15b62de1b8,0.5,1.0,1.0,0.0,1.0,0.0,1.0,1.0,0.0,True,2021.08.30.13.45.25_veh-40_00878_01104,1,1630332140.500275,331750.7828036347,4690714.650608589,331760.8691586404,4690708.88541165,1.0,0.2,0.0
633,5cd39ab6536d551b7,0.0,1.0,1.0,1.0,1.0,0.0,0.0,1.0,0.0,True,2021.06.03.17.06.58_veh-35_02571_02742,1,1622757072.300323,664430.8646724494,3998354.630538966,664430.7279725499,3998375.292514287,0.0,0.08333333333333333,0.0
634,ceec882b56eebd8c4,1.0,1.0,1.0,1.0,0.9187365964225144,0.0,1.0,1.0,0.6138344987223265,True,2021.09.16.13.53.10_veh-42_00180_00342,1,1631800743.400754,589056.2725647397,4474647.061785882,589085.9569527785,4474643.496673104,0.0,1.767026896990271e-126,0.5371051863820357
635,97f0dfb7f9039bcb2,0.0,1.0,1.0,1.0,1.0,0.0,1.0,1.0,0.0,True,2021.09.16.16.20.27_veh-08_02435_02525,1,1631811848.199143,587500.8726518903,4475604.1842238,587479.0971964212,4475613.899145865,0.0,9.262854752655641e-262,0.0
636,646863c254a0a7a48,1.0,1.0,1.0,1.0,0.8232238686597946,1.0,0.0,1.0,0.7940085245213552,True,2021.09.29.19.02.14_veh-28_02451_02708,1,1632944719.2998989,330948.203141727,4690170.637544508,330930.6790228856,4690138.595020377,1.0,0.05,0.8197574589561858
637,70fff47737f1e15b4,1.0,1.0,0.0,1.0,1.0,1.0,1.0,1.0,0.0,True,2021.09.16.16.20.27_veh-08_02435_02525,1,1631811847.6994588,587491.229869609,4475610.995809668,587476.9218577472,4475623.758390152,1.0,0.00019690206996125374,0.0
638,3eb821b7811f5890d,1.0,1.0,1.0,1.0,0.010881498883839736,1.0,0.0,1.0,0.5038862496013713,True,2021.10.06.07.26.10_veh-52_02208_02394,1,1633507574.7003539,365133.2118030304,144092.3800977449,365133.23224510706,144092.36823323483,1.0,0.9972418236983414,0.5659004684011999
639,7d08b706a7adba557,1.0,1.0,1.0,1.0,0.7846004096096859,1.0,0.0,1.0,0.7802144320034593,True,2021.09.29.19.02.14_veh-28_02451_02708,1,1632944719.2998989,330948.3302779061,4690170.133912477,330931.8124591163,4690139.138204051,1.0,0.05,0.8076876280030268
640,6ae4df7fe6f3147d2,1.0,1.0,1.0,1.0,0.7166575441906412,1.0,1.0,1.0,0.8988062657823718,True,2021.10.06.07.26.10_veh-52_00006_00398,1,1633505271.2003798,364939.8247071064,143481.31524213334,364953.3801023025,143499.90360281704,1.0,1.5913336315092829e-12,0.9114554825595753
641,b94f2a8ed48de97e9,1.0,1.0,1.0,1.0,0.8043501138923898,1.0,1.0,1.0,0.9301250406758534,True,2021.10.06.07.26.10_veh-52_00422_00728,1,1633505924.7000349,365424.0268166784,144292.8973956968,365404.106697771,144313.53164103613,1.0,7.70832043663202e-24,0.9388594105913718
642,36c18e8d239512a08,1.0,1.0,1.0,1.0,1.0,1.0,0.0,1.0,0.8571428571428571,True,2021.10.06.07.26.10_veh-52_01245_02064,1,1633507080.2000868,365200.69572488044,143592.42876557875,365182.1595278556,143551.8887112038,1.0,7.04585362423198e-74,0.875
643,7f520a3f0158554b6,0.0,1.0,1.0,1.0,1.0,0.0,0.0,1.0,0.0,True,2021.09.29.19.02.14_veh-28_00540_00917,1,1632942930.299922,331496.5821515338,4690876.365404992,331481.72094612726,4690887.0566789275,1.0,6.05649542694409e-67,0.0
644,d40afa32f3c10b9e0,1.0,1.0,1.0,1.0,0.6833656639805659,1.0,1.0,1.0,0.8869163085644879,True,2021.09.29.14.44.26_veh-28_00337_00504,1,1632927209.299624,331066.30827975244,4690744.216933092,331068.7004145519,4690736.287200793,1.0,0.05263157894736842,0.9010517699939269
645,4f77731642644b559,1.0,1.0,1.0,1.0,0.37633647565681594,1.0,1.0,1.0,0.7772630270202914,True,2021.09.29.14.44.26_veh-28_00337_00504,1,1632927209.799903,331062.63005274005,4690745.529077652,331065.6157312407,4690740.831263791,0.0,0.05263157894736842,0.680105148642755
646,0c57f2adbbbdf0401,0.0,1.0,1.0,1.0,1.0,0.0,0.0,1.0,0.0,True,2021.05.25.14.26.37_veh-27_04122_04279,1,1621971543.399616,664459.0779322757,3997798.8458831655,664460.3597095091,3997783.542481206,1.0,4.542152212897901e-15,0.0
647,5dc798ecdc1897481,1.0,1.0,1.0,1.0,0.9898343842361854,1.0,0.0,1.0,0.8535122800843519,True,2021.09.16.19.49.00_veh-42_00990_01609,1,1631823439.000016,587727.5823596334,4475863.406317221,587696.3915665234,4475883.86973164,1.0,0.07692307692307693,0.8718232450738079
648,4c1f05a52e82aac85,1.0,0.0,0.5,1.0,0.9227686979536855,1.0,1.0,0.0,0.0,True,2021.09.16.14.39.34_veh-42_00297_00935,1,1631803775.200522,587617.3227459356,4475953.32335978,587629.5383953709,4475958.615073767,0.0,0.07142857142857142,0.0
649,8b639fb0376857c55,1.0,0.0,1.0,1.0,0.8066882229984903,1.0,1.0,1.0,0.0,True,2021.08.30.16.16.44_veh-40_00779_01088,1,1630341159.500238,331650.395030534,4690794.865127113,331665.95729104953,4690803.491126376,0.0,2.3651441649756693e-10,0.0
650,5733be765824e1f33,1.0,0.0,1.0,1.0,0.4894275008513893,1.0,1.0,1.0,0.0,True,2021.06.28.20.24.43_veh-38_03385_04952,1,1624916002.599906,664854.0290967623,3999596.480819463,664850.9042658722,3999591.643069192,0.0,3.667146895019933e-258,0.0
651,8a2f9fc5fa33f4001,1.0,0.0,0.5,1.0,1.0,1.0,0.0,1.0,0.0,True,2021.10.06.08.16.17_veh-52_01949_02501,1,1633510503.699663,365558.2847711837,143126.1194807478,365569.31726484984,143105.0583480724,0.0,0.08333333333333333,0.0
652,37744feedc918aa7b,0.5,1.0,1.0,1.0,1.0,0.0,1.0,1.0,0.32142857142857145,True,2021.08.30.13.45.25_veh-40_00878_01104,1,1630332140.000201,331755.21072184155,4690713.454285827,331764.78024654806,4690707.035218349,1.0,1.0380995266835237e-148,0.34375
653,fc4ca8b0a98a8fade,0.0,1.0,1.0,1.0,1.0,0.0,1.0,1.0,0.0,True,2021.09.29.18.19.40_veh-28_00438_00833,1,1632940205.599778,331029.09368040063,4691188.285450946,331013.074443976,4691178.5625505075,0.0,1.48806812586858e-05,0.0
654,af6044bdbd6647378,1.0,1.0,0.0,1.0,1.0,1.0,0.0,1.0,0.0,True,2021.08.30.14.54.34_veh-40_00439_00835,1,1630336066.0001578,331725.92544176173,4690897.47885924,331738.2426591128,4690922.951847387,1.0,1.4889313475298875e-49,0.0
655,bad9757cb0a673425,1.0,0.0,1.0,1.0,1.0,1.0,0.0,1.0,0.0,True,2021.09.16.14.39.34_veh-42_00297_00935,1,1631803774.699926,587614.2202792253,4475929.785751015,587624.5478820223,4475953.660065909,0.0,0.07142857142857142,0.0
656,af838aad1e6b19925,1.0,0.0,1.0,1.0,0.9280398725149513,1.0,1.0,1.0,0.0,True,2021.09.16.13.53.10_veh-42_00180_00342,1,1631800743.400754,589066.702002585,4474647.17953558,589088.7303077871,4474642.9578262875,1.0,2.306938960490074e-53,0.0
657,152d958486f2526ce,1.0,1.0,0.0,1.0,0.788821814896058,1.0,0.0,1.0,0.0,True,2021.09.29.19.02.14_veh-28_02451_02708,1,1632944719.799715,330951.2139113777,4690176.46666089,330933.7699285807,4690145.075003982,1.0,0.05,0.0
658,fe53e5ab658a57258,1.0,1.0,0.0,1.0,1.0,1.0,0.0,1.0,0.0,True,2021.09.16.19.49.00_veh-42_00990_01609,1,1631823439.4997048,587735.2282544576,4475858.134710857,587701.0643401946,4475880.316887671,1.0,3.203633763439007e-52,0.0
659,7d17bb3bdf0937570,1.0,1.0,1.0,1.0,0.8056770033452327,1.0,1.0,1.0,0.9305989297661545,True,2021.09.16.14.39.34_veh-42_00032_00186,1,1631803358.199913,589345.3519266557,4473895.653139597,589343.2676177978,4473904.344525791,1.0,9.371039302044851e-271,0.9392740635453852
660,2bd137e85147a0c70,0.0,0.0,1.0,1.0,1.0,0.0,0.0,1.0,0.0,True,2021.10.06.07.26.10_veh-52_02208_02394,1,1633507574.1999419,365116.8097445111,144095.83791383836,365128.45459357195,144094.15170728712,1.0,0.9999562636180249,0.0
661,94b6ffabace38c36f,1.0,1.0,1.0,1.0,0.4865647707456263,1.0,0.0,1.0,0.6737731324091522,True,2021.10.06.08.16.17_veh-52_00181_00574,1,1633508612.700299,365572.38123949064,144099.28568725794,365575.32022906933,144103.8044118342,1.0,1.9136103375380556e-144,0.7145514908580082
662,0fc649902e2af4e9e,1.0,1.0,1.0,1.0,0.47673216288276093,1.0,1.0,1.0,0.813118629600986,True,2021.10.06.07.26.10_veh-52_00006_00398,1,1633505271.2003798,364954.7701047914,143500.859469897,364959.7936755376,143506.46214540172,0.0,3.4316730395318977e-106,0.7114788009008628
663,41a39d55c68bb7f5a,1.0,0.0,0.5,1.0,0.7776732143379499,1.0,1.0,0.0,0.0,True,2021.09.16.14.39.34_veh-42_00032_00186,1,1631803358.699646,589336.7976425808,4473878.648086002,589347.3133543478,4473894.753525177,0.0,0.0625,0.0
664,977efa0295ed47613,1.0,0.0,1.0,1.0,1.0,1.0,0.0,1.0,0.0,True,2021.09.16.19.12.04_veh-42_00289_00398,1,1631820167.999814,589024.4171512544,4474713.427119277,589027.6513273442,4474686.942060636,1.0,1.3572699841267e-278,0.0
665,d1dbac626089838d2,1.0,0.0,0.0,1.0,1.0,1.0,0.0,1.0,0.0,True,2021.08.30.14.54.34_veh-40_00439_00835,1,1630336066.500321,331727.1414301981,4690897.157632934,331737.31084322714,4690920.20257907,1.0,6.542820663717979e-07,0.0
666,c1f2006b4745c21bc,1.0,0.0,1.0,1.0,0.732977229639318,1.0,1.0,1.0,0.0,True,2021.09.16.19.27.01_veh-45_00472_00711,1,1631820946.4996898,588577.3546338645,4475620.138425706,588587.1460781505,4475598.282186962,0.0,1.5729017960469164e-199,0.0
667,614c25aa5977470dc,1.0,1.0,1.0,1.0,0.44043338376732416,1.0,1.0,1.0,0.8001547799169015,True,2021.09.16.19.27.01_veh-45_01749_03230,1,1631822442.999637,587632.054702946,4475958.6951895105,587636.2616860429,4475956.481249179,1.0,0.07142857142857142,0.8251354324272888
668,0f02c8c55a251c58b,0.0,1.0,1.0,1.0,1.0,0.0,0.0,1.0,0.0,True,2021.10.06.07.26.10_veh-52_00006_00398,1,1633505271.2003798,364956.5466384958,143503.46123643854,364962.4263172725,143510.26257779697,0.0,4.4321360834976786e-293,0.0
669,1b7240da7a5598b38,0.0,1.0,1.0,1.0,1.0,0.0,0.0,1.0,0.0,True,2021.06.03.17.06.58_veh-35_02571_02742,1,1622757072.800535,664432.807416968,3998355.929488083,664431.4148302971,3998373.05395759,0.0,0.08333333333333333,0.0
670,b5e97b7e8ca0f8b19,1.0,1.0,1.0,1.0,0.8932869588443495,0.0,1.0,1.0,0.6047453424444106,True,2021.09.16.13.53.10_veh-42_00180_00342,1,1631800743.900833,589045.7106016565,4474648.0009849835,589078.8724648173,4474644.628948809,1.0,0.058823529411764705,0.6541521746388592
671,8254c72f094adeb13,0.5,1.0,1.0,0.0,1.0,0.0,1.0,1.0,0.0,True,2021.08.30.13.45.25_veh-40_00878_01104,1,1630332140.000201,331752.8176495029,4690713.618104676,331765.60414254304,4690707.12907818,0.0,2.667921690641691e-175,0.0
672,46738f7f1afe77303,1.0,0.0,1.0,1.0,1.0,1.0,0.0,1.0,0.0,True,2021.10.06.07.26.10_veh-52_01245_02064,1,1633507080.700362,365202.15840671404,143593.87822657937,365183.1865571842,143553.4622141495,1.0,8.482582700696553e-29,0.0
673,09175d9fa6fa3c5c2,1.0,0.0,1.0,1.0,0.6429746219272185,1.0,0.0,1.0,0.0,True,2021.09.16.13.53.10_veh-42_01510_01591,1,1631802036.400076,588983.8269901341,4474798.094050019,588974.9986248764,4474817.041116838,0.0,0.14285714285714285,0.0
674,b597eeb6a07198090,1.0,0.0,1.0,1.0,1.0,1.0,1.0,1.0,0.0,True,2021.09.16.19.27.01_veh-45_00472_00711,1,1631820947.000062,588577.1076533764,4475618.163898574,588585.4197494861,4475600.475975976,0.0,3.191909022135e-311,0.0
675,6b0615242bd92eaed,1.0,1.0,1.0,1.0,1.0,1.0,1.0,1.0,1.0,True,2021.09.16.14.39.34_veh-42_01111_01448,1,1631804389.199903,587584.769159179,4475689.692468218,587588.4573286686,4475688.44611434,1.0,0.1,1.0
676,98fc31c7de325cbf0,1.0,1.0,1.0,1.0,0.6866380827808833,1.0,1.0,1.0,0.8880850295646011,True,2021.09.29.14.44.26_veh-28_01202_01296,1,1632927927.299737,331507.5700879266,4690823.529399644,331504.9881499013,4690820.177034102,1.0,3.474500046307768e-107,0.902074400869026
677,bc84695ec7d4fc814,0.0,1.0,1.0,1.0,1.0,0.0,0.0,0.0,0.0,True,2021.09.16.16.20.27_veh-08_02435_02525,1,1631811848.199143,587498.891947017,4475602.669721749,587476.9232396353,4475617.242492507,0.0,1.6359839129903783e-114,0.0
678,7158ea4fc0b59fdee,1.0,1.0,1.0,1.0,0.9986767614266737,1.0,0.0,1.0,0.8566702719380979,True,2021.10.06.07.26.10_veh-52_01245_02064,1,1633507080.2000868,365197.3368150378,143583.4722820201,365181.3132564041,143549.48195500436,1.0,6.3344329659098895e-25,0.8745864879458356
679,5c732851fcda6c88c,1.0,1.0,0.0,1.0,0.8520007117989752,1.0,0.0,1.0,0.0,True,2021.10.06.07.26.10_veh-52_01245_02064,1,1633506717.1997628,365044.64737564535,143035.55946205425,365057.49957800383,143019.70004204655,0.0,1.0280415362579094e-05,0.0
680,08ad22cbb4d9d003b,0.0,1.0,1.0,1.0,1.0,0.0,1.0,1.0,0.0,True,2021.09.16.16.20.27_veh-08_02435_02525,1,1631811848.199143,587501.5998946765,4475603.980397248,587479.0971964212,4475613.899145865,0.0,9.262854752655641e-262,0.0
681,87c8724fcdc627dae,1.0,1.0,1.0,1.0,0.40209457474329596,1.0,1.0,1.0,0.7864623481226057,True,2021.09.16.19.27.01_veh-45_01749_03230,1,1631822442.499192,587632.082130195,4475958.421170308,587636.6243134702,4475956.252476465,1.0,0.07142857142857142,0.81315455460728
682,727fa1e7c8aa0cdc1,1.0,1.0,1.0,1.0,0.7017778687253612,1.0,0.0,1.0,0.7506349531162003,True,2021.06.28.20.24.43_veh-38_03385_04952,1,1624916003.099648,664853.7361028747,3999600.2050250825,664850.6591218419,3999593.6223922865,0.0,0.08333333333333333,0.6568055839766753
683,cd294e9205c77defd,1.0,1.0,1.0,1.0,0.840662031720191,1.0,0.0,1.0,0.8002364399000683,True,2021.09.16.19.49.00_veh-42_00990_01609,1,1631823439.4997048,587704.5875704475,4475877.622158135,587691.816397932,4475887.734047025,1.0,1.8680239644480879e-146,0.8252068849125598
684,083ca0b9e4853254e,0.0,0.0,1.0,1.0,1.0,0.0,0.0,1.0,0.0,True,2021.10.06.07.26.10_veh-52_02208_02394,1,1633507574.7003539,365105.4812663103,144092.25098202567,365123.74877009145,144094.67843966704,0.0,5.298574079832322e-139,0.0
685,9a6ec5011d04fc0c9,1.0,1.0,1.0,1.0,0.6660983777985376,1.0,1.0,1.0,0.8807494206423349,True,2021.10.06.07.26.10_veh-52_00422_00728,1,1633505924.7000349,365404.18134872254,144314.92405627458,365396.0989197045,144318.1305602886,1.0,1.4612330065179095e-300,0.895655743062043
686,dc9a1a64623f4ee2a,1.0,1.0,1.0,1.0,0.3115689368281184,1.0,0.0,1.0,0.6112746202957566,True,2021.10.06.08.16.17_veh-52_01949_02501,1,1633510503.699663,365569.13265969243,143101.97542539088,365570.7107514611,143097.48873715824,1.0,0.08333333333333333,0.659865292758787
687,f95cca8cfa91db038,0.0,1.0,1.0,1.0,1.0,0.0,1.0,1.0,0.0,True,2021.09.16.15.12.03_veh-42_01037_01434,1,1631806392.9996428,587607.8928399055,4475560.336256222,587583.4821060225,4475576.337913587,0.0,5.018430937217638e-12,0.0
688,506e98e6817013978,1.0,0.0,1.0,1.0,0.8394984704015129,1.0,1.0,1.0,0.0,True,2021.09.16.14.39.34_veh-42_00297_00935,1,1631803775.200522,587609.2101746222,4475928.3860295275,587622.3979515131,4475952.662540842,0.0,0.07142857142857142,0.0
689,d62c06587889c5e1b,1.0,0.0,1.0,1.0,1.0,1.0,0.0,1.0,0.0,True,2021.10.06.08.16.17_veh-52_00181_00574,1,1633508612.700299,365576.32102713967,144105.5852263032,365576.3432165328,144105.5909448269,0.0,6.794595901542266e-225,0.0
690,9adbf8a5bfedb36d2,0.0,1.0,1.0,1.0,1.0,0.0,0.0,1.0,0.0,True,2021.09.16.14.39.34_veh-42_01111_01448,1,1631804388.699858,587580.1217548696,4475692.12728134,587584.3749901861,4475690.910003942,1.0,0.1,0.0
691,903801b8d2a6d7f58,1.0,1.0,1.0,1.0,1.0,1.0,0.0,1.0,0.8571428571428571,True,2021.09.29.19.02.14_veh-28_00540_00917,1,1632942930.799655,331485.7047393856,4690882.719015678,331476.93734464375,4690889.752637698,1.0,0.00013330189296433177,0.875
692,92eaa01aaa1cb995e,1.0,1.0,1.0,1.0,1.0,1.0,1.0,0.0,0.8571428571428571,True,2021.09.16.16.20.27_veh-08_02435_02525,1,1631811848.199143,587478.7048086182,4475615.929598652,587476.8886218737,4475627.328152113,0.0,1.1772098924224807e-20,0.75
693,814fa66e0a997a168,1.0,0.0,0.0,1.0,1.0,1.0,0.0,1.0,0.0,True,2021.09.16.13.53.10_veh-42_00077_00153,1,1631800604.8992178,589328.3761677226,4473877.608095175,589343.5987369621,4473887.784321437,0.0,0.1,0.0
694,46b0816cf26d29e4f,0.5,1.0,1.0,0.0,1.0,0.0,1.0,1.0,0.0,True,2021.08.30.13.45.25_veh-40_00878_01104,1,1630332140.500275,331744.5516921657,4690717.7471586885,331757.0670879137,4690711.180931625,0.0,0.2,0.0
695,2191ef080b4043736,1.0,1.0,1.0,1.0,0.9290406924315726,1.0,0.0,1.0,0.8318002472969902,True,2021.10.06.07.26.10_veh-52_01245_02064,1,1633507080.2000868,365194.0017136897,143576.594827212,365179.6660681643,143545.66248729342,1.0,0.00022602394758696265,0.8528252163848664
696,567b7524457bc9d98,1.0,0.0,0.5,1.0,0.6058309059926724,1.0,0.0,1.0,0.0,True,2021.09.29.19.02.14_veh-28_02451_02708,1,1632944719.2998989,330938.88242296834,4690148.242745939,330930.2470797493,4690133.178039836,0.0,0.05,0.0
697,30efc6f9cfe338bb8,1.0,0.0,0.0,1.0,1.0,1.0,1.0,1.0,0.0,True,2021.09.16.19.27.01_veh-45_00472_00711,1,1631820947.000062,588571.7468330774,4475642.386622398,588581.8120905497,4475604.781087982,0.0,3.887023975591586e-91,0.0
698,961c057965f6951d8,1.0,1.0,1.0,1.0,0.8692079437002636,1.0,0.0,1.0,0.8104314084643799,True,2021.09.29.14.44.26_veh-28_00337_00504,1,1632927209.299624,331034.50614555704,4690771.085667027,331060.76785176946,4690750.009512733,0.0,0.05263157894736842,0.7091274824063324
699,c525c6d635eb5f316,1.0,0.0,1.0,1.0,0.8394984704015129,1.0,1.0,1.0,0.0,True,2021.09.16.14.39.34_veh-42_00297_00935,1,1631803775.200522,587609.1738379201,4475928.999267141,587622.3979515131,4475952.662540842,1.0,0.07142857142857142,0.0
700,96f3c7fe0e97ef1f0,1.0,1.0,1.0,1.0,0.8740528301340065,1.0,0.0,1.0,0.8121617250478594,True,2021.09.29.19.02.14_veh-28_02451_02708,1,1632944719.799715,330961.4917205862,4690192.834416244,330938.73968861124,4690151.7127693,1.0,0.05,0.835641509416877
701,ac657cb166434db62,1.0,1.0,1.0,1.0,1.0,1.0,0.0,1.0,0.8571428571428571,True,2021.08.30.14.54.34_veh-40_00439_00835,1,1630336066.0001578,331728.10534314986,4690907.629793775,331739.18089182617,4690927.1291734725,1.0,5.307302970316063e-10,0.875
702,fbaef0dd45ccf2413,1.0,0.0,1.0,1.0,0.7819871330529112,1.0,0.0,1.0,0.0,True,2021.09.16.19.12.04_veh-42_00289_00398,1,1631820167.999814,589025.2444958283,4474709.805680316,589027.3997856753,4474685.931991436,0.0,0.0,0.0
703,6ed7113fd3721f57b,1.0,1.0,0.0,1.0,1.0,1.0,0.0,1.0,0.0,True,2021.08.30.14.54.34_veh-40_00439_00835,1,1630336066.500321,331724.1475775299,4690896.156245491,331736.9356896667,4690920.404855758,1.0,1.344872762031117e-06,0.0
704,5fa6ede627d6c9af7,1.0,0.0,1.0,1.0,1.0,1.0,1.0,1.0,0.0,True,2021.09.16.14.39.34_veh-42_00032_00186,1,1631803358.199913,589317.8686062008,4473882.32388465,589344.3519246811,4473892.046738068,0.0,0.49379725922110795,0.0
705,f39b90bb6aa1bbac7,0.0,1.0,1.0,1.0,1.0,0.0,0.0,1.0,0.0,True,2021.05.25.14.26.37_veh-27_04122_04279,1,1621971542.899617,664461.8737944589,3997796.0863685138,664461.9791529555,3997778.5773153924,1.0,2.7952467050467308e-55,0.0
706,2c048c6ca0a0876cd,1.0,1.0,1.0,1.0,0.912985265449191,1.0,0.0,1.0,0.8260661662318539,True,2021.09.29.14.44.26_veh-28_00337_00504,1,1632927209.799903,331040.27304448496,4690763.645564618,331062.4060127981,4690746.64030998,0.0,0.05263157894736842,0.7228078954528722
707,34f398e3cb7f66124,1.0,1.0,1.0,1.0,0.9048364319952571,1.0,1.0,1.0,0.9660130114268775,True,2021.08.30.14.54.34_veh-40_00439_00835,1,1630336066.0001578,331730.85715868144,4690912.628412303,331738.9055166358,4690926.846574235,1.0,1.5391876608430192e-12,0.9702613849985178
708,c2e48998f58fcf229,1.0,1.0,1.0,1.0,0.6480181295054256,1.0,1.0,1.0,0.8742921891090806,True,2021.10.06.08.16.17_veh-52_01590_01725,1,1633509884.699713,365791.9006022017,143335.57415713597,365789.43315088114,143349.94340354297,0.0,0.1111111111111111,0.7650056654704455
709,f6817999b4946e35c,1.0,1.0,1.0,1.0,1.0,1.0,1.0,1.0,1.0,True,2021.06.28.16.29.11_veh-38_03263_03766,1,1624901428.800276,664426.1657245393,3997345.254760112,664425.8338395417,3997348.9997078683,0.0,0.14285714285714285,0.875
710,3965541eb07d065e9,0.0,1.0,1.0,1.0,1.0,0.0,1.0,1.0,0.0,True,2021.09.29.14.44.26_veh-28_01202_01296,1,1632927926.799834,331510.49502979266,4690832.155087721,331507.2092319417,4690825.170893787,1.0,0.9999999999999375,0.0
711,c725d6fa44dc9c6d6,0.0,1.0,1.0,1.0,1.0,0.0,1.0,1.0,0.0,True,2021.09.16.15.12.03_veh-42_01037_01434,1,1631806393.4995148,587599.2730142028,4475567.450255055,587582.3698245939,4475576.723856447,1.0,2.0455401083396162e-29,0.0
712,60d2e82730e16c5a0,1.0,0.0,0.0,1.0,1.0,1.0,0.0,1.0,0.0,True,2021.09.16.19.12.04_veh-42_00289_00398,1,1631820167.999814,589016.3090921356,4474736.878920771,589026.073255331,4474696.644413775,1.0,8.725241616456543e-09,0.0
713,d0df486d88c5b89d4,1.0,1.0,1.0,1.0,0.7612545582486482,1.0,1.0,1.0,0.9147337708030887,True,2021.09.29.19.02.14_veh-28_02451_02708,1,1632944719.2998989,330942.4390805774,4690159.323625194,330930.1911531726,4690135.959749518,1.0,0.05,0.9253920494527026
714,565b302cf79ef624e,1.0,1.0,1.0,1.0,0.8199314106020392,1.0,0.0,1.0,0.7928326466435854,True,2021.10.06.07.26.10_veh-52_01245_02064,1,1633507080.700362,365189.97995826043,143569.75430324813,365179.7352190661,143546.0054632207,1.0,5.1548330662381206e-49,0.8187285658131372
715,3c7f6147a0608469d,1.0,0.0,0.0,1.0,1.0,1.0,0.0,1.0,0.0,True,2021.09.16.14.39.34_veh-42_00032_00186,1,1631803358.699646,589326.8707187372,4473880.817514216,589345.8715641773,4473891.742988747,0.0,0.0625,0.0
716,faa4f514f8d862142,0.0,1.0,1.0,1.0,1.0,0.0,1.0,1.0,0.0,True,2021.09.16.19.27.01_veh-45_01749_03230,1,1631823395.9997308,587673.7581227052,4475503.333684866,587665.0718303283,4475510.506870436,1.0,3.336416545956436e-05,0.0
717,01a7cf70d70d2fa61,1.0,1.0,1.0,1.0,0.8800132608638931,1.0,0.0,1.0,0.8142904503085333,True,2021.08.30.16.16.44_veh-40_00779_01088,1,1630341160.000258,331661.5705662486,4690797.189892052,331668.861225129,4690808.248202801,1.0,4.420046643789711e-244,0.8375041440199666
718,3d1800c34a5e46a21,0.0,0.0,0.5,1.0,1.0,0.0,0.0,1.0,0.0,True,2021.09.16.15.12.03_veh-42_01037_01434,1,1631806392.9996428,587586.7814610207,4475560.282518349,587584.2846217484,4475575.03105013,0.0,5.787612486964413e-28,0.0
719,e3e11c324948199da,1.0,1.0,1.0,1.0,1.0,1.0,1.0,1.0,1.0,True,2021.09.29.14.44.26_veh-28_00337_00504,1,1632927209.299624,331065.17832209927,4690737.827701837,331065.2102886362,4690737.776092197,1.0,0.05263157894736842,1.0
720,3b60c8877787da3e0,1.0,1.0,1.0,1.0,1.0,1.0,1.0,1.0,1.0,True,2021.09.29.14.44.26_veh-28_00337_00504,1,1632927209.799903,331064.6837825109,4690742.3994102,331065.87380451744,4690739.808487527,0.0,0.05263157894736842,0.875
721,1d9d3ed0717ab4ffd,0.5,1.0,1.0,1.0,0.8557585289437334,0.0,0.0,1.0,0.2242425944542381,True,2021.09.29.14.44.26_veh-28_00337_00504,1,1632927209.799903,331047.32643565035,4690762.0017329585,331065.2062537608,4690745.664005171,0.0,0.05263157894736842,0.19621227014745835
722,db5a03e690d9afcdb,0.0,1.0,1.0,1.0,1.0,0.0,0.0,1.0,0.0,True,2021.09.29.19.02.14_veh-28_00540_00917,1,1632942930.299922,331490.99683870666,4690880.818112149,331476.5310683891,4690890.434976965,1.0,0.39535461288533724,0.0
723,f1ba8705833975e6b,1.0,1.0,1.0,1.0,1.0,1.0,1.0,1.0,1.0,True,2021.09.29.14.44.26_veh-28_01202_01296,1,1632927926.799834,331508.35646213527,4690825.472881799,331505.8891634646,4690821.386757437,1.0,8.800550105469452e-45,1.0
724,9a5b2373854e11383,1.0,1.0,1.0,1.0,1.0,0.0,1.0,1.0,0.6428571428571429,True,2021.08.30.14.54.34_veh-40_00439_00835,1,1630336066.500321,331714.2510524987,4690886.545823349,331733.59231991635,4690916.17639427,0.0,7.449412452040232e-127,0.5625
725,bf747811ee475d2c1,1.0,1.0,1.0,1.0,0.9123131291613875,1.0,0.0,1.0,0.8258261175576384,True,2021.10.06.08.16.17_veh-52_00181_00574,1,1633508613.2005038,365568.9423003669,144079.37520758976,365570.8433488624,144098.38673430638,0.0,0.058823529411764705,0.7225978528629335
726,2fa5ec5e442e3f499,1.0,1.0,1.0,1.0,0.7637349570713404,1.0,1.0,1.0,0.9156196275254788,True,2021.10.06.07.26.10_veh-52_00422_00728,1,1633505925.199883,365408.67151094024,144310.89702776456,365398.4750809113,144317.43261141368,0.0,0.0,0.8011671740847939
727,85b6589d5332018d1,1.0,0.0,1.0,1.0,1.0,1.0,0.0,1.0,0.0,True,2021.09.16.19.12.04_veh-42_00289_00398,1,1631820167.999814,589019.9749970923,4474743.105161787,589026.7831026783,4474698.894246307,1.0,0.2387356629451564,0.0
728,b5837307d8a14be4a,1.0,1.0,1.0,1.0,0.7982688779102873,1.0,1.0,1.0,0.9279531706822455,True,2021.10.06.07.26.10_veh-52_00006_00398,1,1633505271.2003798,364944.70910673845,143487.7024905396,364957.1267879041,143504.27049049694,1.0,3.4142256558731374e-30,0.9369590243469648
729,9a1b34a6539726796,1.0,1.0,1.0,1.0,0.8559872340582427,1.0,1.0,1.0,0.9485668693065152,True,2021.09.16.19.27.01_veh-45_01749_03230,1,1631822975.4997919,588088.3331448939,4475464.542529813,588098.7496976426,4475443.828674871,1.0,1.843256778899426e-81,0.9549960106432008
730,193752eccdb929fcc,1.0,1.0,0.5,1.0,0.4053425980886584,1.0,0.0,1.0,0.3223826068015461,True,2021.10.06.07.26.10_veh-52_01245_02064,1,1633506717.1997628,365061.24451351183,143018.94466053936,365064.1135372833,143015.25361440022,0.0,5.149982824828835e-184,0.28208478095135286
731,265a501fe44eb4a2e,1.0,0.0,1.0,1.0,0.83183058966939,1.0,1.0,1.0,0.0,True,2021.09.16.14.39.34_veh-42_00297_00935,1,1631803774.699926,587622.139450165,4475956.141709335,587633.1001108298,4475958.35891125,0.0,0.07142857142857142,0.0
732,e6aaf829acef158f6,1.0,1.0,1.0,1.0,0.23224597554804569,1.0,1.0,1.0,0.7258021341243021,True,2021.10.06.08.16.17_veh-52_01590_01725,1,1633509884.1999009,365788.61419197015,143347.82317783922,365788.5665063467,143351.88653690997,1.0,0.1111111111111111,0.7600768673587643
733,0165cb0adcfce3796,1.0,0.0,0.5,1.0,1.0,1.0,1.0,1.0,0.0,True,2021.09.16.19.12.04_veh-42_00289_00398,1,1631820167.499603,589023.956724687,4474710.509309658,589029.3389877707,4474681.5324739,1.0,0.0,0.0
734,986788851f212ec8c,1.0,1.0,1.0,1.0,0.5242356771701179,1.0,1.0,1.0,0.8300841704178993,True,2021.10.06.08.16.17_veh-52_01949_02501,1,1633510503.699663,365564.3072867698,143115.9387798702,365569.36847543233,143102.03741009775,0.0,0.08333333333333333,0.7263236491156618
735,28c1180e271272d18,1.0,0.0,0.5,1.0,1.0,1.0,0.0,1.0,0.0,True,2021.06.28.16.29.11_veh-38_03263_03766,1,1624901428.800276,664424.3996164266,3997338.0534869786,664425.0901626503,3997344.8854608806,0.0,0.14285714285714285,0.0
736,246271906b5570c57,1.0,0.0,1.0,1.0,0.7558983169464712,0.0,1.0,1.0,0.0,True,2021.09.16.13.53.10_veh-42_00180_00342,1,1631800743.900833,589060.735352237,4474647.840231854,589082.5878512666,4474645.547565834,1.0,0.058823529411764705,0.0
737,7e63683bda8a632ba,1.0,1.0,1.0,1.0,0.7106410852565339,1.0,1.0,1.0,0.8966575304487622,True,2021.09.29.14.44.26_veh-28_00337_00504,1,1632927209.799903,331066.0732273135,4690744.671925609,331068.73972094833,4690736.485884821,1.0,0.05263157894736842,0.9095753391426669
738,80b51199c992e8e79,1.0,1.0,1.0,1.0,0.8958133660832415,1.0,0.0,1.0,0.8199333450297291,True,2021.10.06.08.16.17_veh-52_00181_00574,1,1633508613.2005038,365571.1241283361,144050.58923933943,365569.5633410014,144087.7579972643,1.0,0.058823529411764705,0.842441676901013
739,cbf6dd30a0ed348b8,0.0,1.0,1.0,1.0,1.0,0.0,0.0,1.0,0.0,True,2021.05.25.14.26.37_veh-27_04122_04279,1,1621971543.399616,664461.8089570767,3997796.2085703206,664462.1652876418,3997779.748065123,1.0,1.927330982090591e-92,0.0
740,42fd65053b0da11c1,0.0,1.0,1.0,1.0,1.0,0.0,1.0,1.0,0.0,True,2021.06.03.17.06.58_veh-35_02571_02742,1,1622757072.300323,664430.9397990197,3998371.2873819983,664430.4939219807,3998379.0408182414,0.0,0.08333333333333333,0.0
741,4eec744ab28fc824f,0.0,1.0,1.0,1.0,1.0,0.0,0.0,1.0,0.0,True,2021.09.16.14.39.34_veh-42_01111_01448,1,1631804389.199903,587580.3952750696,4475691.965046162,587583.9627843709,4475691.027995346,1.0,0.1,0.0
742,418477a920a7da811,1.0,0.0,1.0,1.0,1.0,1.0,1.0,1.0,0.0,True,2021.10.06.08.16.17_veh-52_00181_00574,1,1633508612.700299,365567.96099686134,144097.5184277808,365577.51282192423,144105.70325302242,0.0,5.799698804808021e-267,0.0
743,5d16842470d67d7aa,1.0,0.0,0.5,1.0,1.0,1.0,1.0,1.0,0.0,True,2021.06.28.16.29.11_veh-38_03263_03766,1,1624901429.299944,664426.7670961268,3997335.8445517044,664425.8301505807,3997349.027321301,0.0,0.14285714285714285,0.0
744,270e95b1d769b87a0,0.0,0.0,0.5,1.0,1.0,0.0,1.0,1.0,0.0,True,2021.09.16.19.27.01_veh-45_01749_03230,1,1631823395.4999728,587683.8380919658,4475520.810409511,587668.4230664294,4475509.961013002,0.0,2.3901070550307104e-65,0.0
745,6663c84e1f3447a03,1.0,1.0,1.0,1.0,0.7376864766273791,1.0,0.0,1.0,0.7634594559383496,True,2021.06.28.20.24.43_veh-38_03385_04952,1,1624916002.599906,664854.2414209805,3999601.1682148227,664850.4902713496,3999593.2111982433,0.0,1.727206867464121e-202,0.668027023946056
746,73ebc06c5abeb011a,1.0,1.0,1.0,1.0,1.0,1.0,0.0,0.0,0.7142857142857143,True,2021.08.30.14.54.34_veh-40_00439_00835,1,1630336066.0001578,331727.818235971,4690905.581249669,331740.05986179685,4690927.253622737,1.0,0.008088153401911059,0.75
747,c4e1ff9b786c70034,1.0,0.0,0.0,1.0,1.0,1.0,0.0,1.0,0.0,True,2021.09.16.19.27.01_veh-45_01749_03230,1,1631822442.499192,587621.7574692923,4475974.8195677325,587633.1782942435,4475956.169871755,0.0,0.07142857142857142,0.0
748,9766a7687623d62c6,1.0,1.0,1.0,1.0,0.9190555421214766,1.0,0.0,1.0,0.8282341221862417,True,2021.09.16.14.39.34_veh-42_00297_00935,1,1631803774.699926,587622.9973823308,4475953.65109271,587631.3973287242,4475957.627950566,1.0,0.07142857142857142,0.8497048569129615
749,e35c9a585407c6e2a,0.0,1.0,1.0,1.0,1.0,0.0,1.0,1.0,0.0,True,2021.09.16.19.27.01_veh-45_01749_03230,1,1631823395.4999728,587677.0627295522,4475501.048344336,587663.8195312963,4475511.48073858,1.0,0.02614598063163085,0.0
750,e02f0131e55e31509,0.0,1.0,1.0,1.0,1.0,0.0,0.0,1.0,0.0,True,2021.09.16.16.20.27_veh-08_02435_02525,1,1631811847.6994588,587502.6464182284,4475603.208371099,587479.3328132678,4475617.1374481665,0.0,3.145643341024126e-151,0.0
751,d3e9c090e809349ce,0.0,1.0,1.0,1.0,1.0,0.0,0.0,1.0,0.0,True,2021.06.28.20.24.43_veh-38_03385_04952,1,1624916002.599906,664864.0177719269,3999618.6537673473,664854.4394277746,3999599.876515396,1.0,6.162736351388807e-09,0.0
752,e69df86c33d5e5522,1.0,1.0,1.0,1.0,0.691881096523806,1.0,0.0,1.0,0.747100391615645,True,2021.10.06.07.26.10_veh-52_00006_00398,1,1633505271.7001848,364949.370346644,143490.99529472503,364957.7022168336,143502.39934311536,1.0,0.20307669896221994,0.7787128426636893
753,f93686a7de229c648,1.0,1.0,1.0,1.0,0.867424636369969,1.0,0.0,1.0,0.8097945129892746,True,2021.08.30.14.54.34_veh-40_00439_00835,1,1630336066.500321,331728.0372518063,4690906.651256933,331739.1612541615,4690925.428650736,1.0,1.9303688438659158e-13,0.8335701988656153
754,b9297371e1c1fc881,1.0,1.0,1.0,1.0,1.0,1.0,0.0,1.0,0.8571428571428571,True,2021.10.06.07.26.10_veh-52_02208_02394,1,1633507574.7003539,365130.82658432034,144095.0349416505,365136.81726490636,144091.00949887012,1.0,8.040254489626458e-59,0.875
755,728522f233e8a9fa9,1.0,0.0,0.0,1.0,1.0,1.0,0.0,1.0,0.0,True,2021.09.16.19.12.04_veh-42_00289_00398,1,1631820167.499603,589019.976039561,4474718.988941226,589027.4515648157,4474686.419614151,1.0,7.118701717603975e-145,0.0
756,da024028d53215ba3,1.0,1.0,1.0,1.0,0.8491839597054627,1.0,0.0,1.0,0.8032799856090939,True,2021.10.06.07.26.10_veh-52_01245_02064,1,1633507080.2000868,365186.25808869593,143560.89959403756,365176.654389551,143539.53026441135,0.0,3.232603209792268e-132,0.7028699874079571
757,36a59107f58b13a57,1.0,1.0,1.0,1.0,0.7277478225370669,1.0,1.0,1.0,0.9027670794775239,True,2021.09.16.19.49.00_veh-42_00990_01609,1,1631823439.000016,587698.8306241989,4475880.300509795,587688.2775287944,4475889.561424094,0.0,0.07692307692307693,0.7899211945428334
758,d92b3534c888c4bbb,0.0,0.0,0.5,1.0,1.0,0.0,0.0,0.0,0.0,True,2021.09.16.19.27.01_veh-45_01749_03230,1,1631823395.9997308,587689.8734093125,4475515.322253102,587670.3670983313,4475510.034261989,0.0,5.658414169263988e-23,0.0
759,297ba1c65109e01ba,1.0,1.0,1.0,1.0,0.7547927250339268,1.0,1.0,0.0,0.7695688303692595,True,2021.09.16.19.27.01_veh-45_01749_03230,1,1631822975.4997919,588091.7487728236,4475460.143009629,588098.9865775341,4475443.022189255,0.0,1.8329446566979e-105,0.6733727265731021
760,fe05597461d3229f2,1.0,0.0,1.0,1.0,0.6876487308246773,1.0,0.0,1.0,0.0,True,2021.09.29.19.02.14_veh-28_02451_02708,1,1632944719.799715,330939.9445144987,4690150.622659067,330931.36571004434,4690135.108228001,0.0,0.05,0.0
761,7c1d966d6a3783a65,1.0,1.0,1.0,1.0,0.7651776580030437,1.0,0.0,1.0,0.773277735001087,True,2021.09.29.19.02.14_veh-28_02451_02708,1,1632944719.799715,330949.7898926461,4690172.639682727,330933.6447301264,4690143.00599435,1.0,0.05,0.8016180181259511
762,ea986d3a0c0d7a702,1.0,1.0,1.0,1.0,0.1684557315695733,1.0,1.0,1.0,0.7030199041319906,True,2021.09.16.19.27.01_veh-45_00472_00711,1,1631820947.000062,588588.1320409311,4475598.408917286,588589.7370714707,4475596.106134703,0.0,0.0,0.6151424161154917
763,b7b2aa82af5f10496,1.0,0.0,1.0,1.0,0.7532600134331472,1.0,1.0,1.0,0.0,True,2021.08.30.16.16.44_veh-40_00779_01088,1,1630341159.500238,331657.4041578799,4690794.547616169,331667.0299104146,4690806.825126462,1.0,1.546159315078619e-70,0.0
764,8ecb5a2059e8ef8ac,0.0,1.0,0.5,1.0,1.0,0.0,0.0,1.0,0.0,True,2021.09.16.19.27.01_veh-45_01749_03230,1,1631822442.499192,587617.3058092962,4475941.536403814,587631.4569746893,4475956.829557522,0.0,0.07142857142857142,0.0
765,39ee7720dd5c83901,1.0,0.0,1.0,1.0,0.8351142549999774,1.0,0.0,1.0,0.0,True,2021.09.16.19.12.04_veh-42_00289_00398,1,1631820167.499603,589024.8983437422,4474710.298381293,589028.2429547951,4474683.766049694,0.0,6.050240894700241e-253,0.0
766,6c762cea7e7e3f6b8,0.0,1.0,1.0,1.0,1.0,0.0,0.0,1.0,0.0,True,2021.09.16.15.12.03_veh-42_01037_01434,1,1631806392.9996428,587604.1402857325,4475561.375481401,587582.2594401933,4475576.932890139,0.0,0.011519475643288347,0.0
767,9b67c7e02ccf82bac,0.0,1.0,1.0,1.0,1.0,0.0,0.0,1.0,0.0,True,2021.05.25.14.26.37_veh-27_04122_04279,1,1621971543.399616,664463.0772737901,3997788.1451825537,664462.2178785068,3997782.5879854006,0.0,7.057955083060678e-31,0.0
768,ff77cf6e6c1e73c86,1.0,1.0,1.0,1.0,0.7701524142793432,1.0,0.0,1.0,0.775054433671194,True,2021.10.06.07.26.10_veh-52_01245_02064,1,1633507080.700362,365188.2524580523,143567.50396990095,365179.4262584864,143544.20760797735,1.0,2.216368732842917e-93,0.8031726294622947
769,c9e57d49438cf3843,1.0,1.0,1.0,1.0,0.8393287764439231,1.0,1.0,1.0,0.9426174201585439,True,2021.09.16.19.49.00_veh-42_00990_01609,1,1631823439.000016,587713.0021860946,4475871.319665664,587693.0509126612,4475885.20323496,1.0,0.07692307692307693,0.9497902426387259
770,06c6fd20a526803c4,0.0,1.0,1.0,1.0,1.0,0.0,1.0,1.0,0.0,True,2021.06.03.12.02.06_veh-35_00233_00609,1,1622736827.501288,664196.3730578078,3997425.360980276,664210.4312355086,3997421.8030424193,0.0,0.14285714285714285,0.0
771,3d460fd77ec7fcd59,1.0,1.0,1.0,1.0,1.0,1.0,1.0,1.0,1.0,True,2021.06.03.12.02.06_veh-35_00233_00609,1,1622736828.001318,664207.0155899846,3997421.3009742005,664214.1993152089,3997420.5696397703,1.0,0.14285714285714285,1.0
772,4cac5cf4ef12bcaba,1.0,0.0,1.0,1.0,0.8244855472528055,1.0,0.0,1.0,0.0,True,2021.09.16.13.53.10_veh-42_01510_01591,1,1631802035.8997738,588992.2889368566,4474783.726640619,588976.684240138,4474814.075678709,1.0,0.14285714285714285,0.0
773,6eb2d372480ee2f5b,1.0,1.0,1.0,1.0,1.0,1.0,1.0,1.0,1.0,True,2021.09.29.14.44.26_veh-28_01202_01296,1,1632927926.799834,331505.2079585463,4690820.065215014,331505.2073551597,4690820.0636049155,0.0,1.6405109562032197e-79,0.875
774,ea6b0110876910b22,1.0,1.0,1.0,1.0,0.6865574938897641,1.0,1.0,1.0,0.8880562478177729,True,2021.10.06.07.26.10_veh-52_00006_00398,1,1633505271.7001848,364937.7203185333,143481.04370975305,364951.6497512787,143497.78888842525,1.0,2.838678469852093e-112,0.9020492168405513
775,71825455da2cde07d,1.0,1.0,1.0,1.0,0.6436811381397539,1.0,1.0,1.0,0.8727432636213407,True,2021.09.16.19.27.01_veh-45_00472_00711,1,1631820946.4996898,588581.6534844803,4475609.3471028665,588590.3096219738,4475595.244481646,0.0,0.0,0.7636503556686731
776,d919319074b4ecfbf,1.0,0.0,0.0,1.0,1.0,1.0,0.0,1.0,0.0,True,2021.10.06.08.16.17_veh-52_01949_02501,1,1633510503.699663,365555.9120239535,143129.92024959903,365569.2539981198,143105.9263415723,0.0,0.08333333333333333,0.0
777,4358e02f26d710fd9,1.0,0.0,0.5,1.0,1.0,1.0,1.0,0.0,0.0,True,2021.09.16.13.53.10_veh-42_00180_00342,1,1631800743.900833,589077.2167682718,4474640.5659576785,589093.2751357724,4474636.613925777,0.0,0.058823529411764705,0.0
778,02644631a56fa1750,1.0,1.0,1.0,1.0,0.4835695795182352,1.0,1.0,1.0,0.8155605641136555,True,2021.10.06.08.16.17_veh-52_01590_01725,1,1633509884.1999009,365792.06569941656,143337.99813391865,365789.8725798683,143349.4010100004,0.0,0.1111111111111111,0.7136154935994485
779,5f175bac4c1de5964,1.0,1.0,1.0,1.0,0.7709725421316072,1.0,0.0,1.0,0.775347336475574,True,2021.09.16.19.49.00_veh-42_00990_01609,1,1631823439.000016,587711.8193869677,4475873.6684802035,587693.1530055223,4475885.754164936,0.0,0.07692307692307693,0.6784289194161273
780,a9c58159eca823219,0.0,0.0,1.0,1.0,1.0,0.0,1.0,1.0,0.0,True,2021.06.28.16.29.11_veh-38_03263_03766,1,1624901429.299944,664420.2226408289,3997340.2619326552,664424.6850215603,3997348.741506137,0.0,0.14285714285714285,0.0
781,e929306025479f705,1.0,0.0,0.5,1.0,1.0,1.0,1.0,1.0,0.0,True,2021.09.16.14.39.34_veh-42_00032_00186,1,1631803358.699646,589328.0952367242,4473882.519530533,589345.9411521588,4473892.491076282,0.0,0.0625,0.0
782,2c6298b7b191f9461,1.0,1.0,1.0,1.0,0.6712455233017897,1.0,1.0,1.0,0.8825876868934964,True,2021.09.29.14.44.26_veh-28_01202_01296,1,1632927927.299737,331507.518560119,4690823.49500589,331504.9881499013,4690820.177034102,1.0,3.474500046307768e-107,0.8972642260318093
783,cd8ff4168df3741e2,1.0,0.0,1.0,1.0,0.8588093602240645,1.0,1.0,1.0,0.0,True,2021.08.30.16.16.44_veh-40_00779_01088,1,1630341159.500238,331663.74894963385,4690803.514539849,331669.9883052061,4690811.0662063975,0.0,2.9678512226626774e-256,0.0
784,97e30986c37339a1b,1.0,1.0,1.0,1.0,0.9150294497469681,1.0,1.0,1.0,0.9696533749096314,True,2021.09.16.19.12.04_veh-42_00289_00398,1,1631820167.499603,589023.0364532747,4474728.198616263,589027.9291730456,4474690.082849648,1.0,3.420257237344911e-42,0.9734467030459275
785,153383cdbca3694c0,1.0,0.0,1.0,1.0,0.4483216994323048,1.0,1.0,1.0,0.0,True,2021.09.29.19.02.14_veh-28_02451_02708,1,1632944719.799715,330936.0283364619,4690144.394425678,330931.0773395476,4690135.458566282,0.0,0.05,0.0
786,977312aa1b30d7f8f,1.0,0.0,1.0,1.0,1.0,1.0,1.0,1.0,0.0,True,2021.09.16.19.49.00_veh-42_00990_01609,1,1631823439.4997048,587725.2829852116,4475863.999638126,587699.2759470417,4475879.209419446,1.0,5.270570757476327e-25,0.0
787,854521fa54e11652c,0.0,1.0,1.0,1.0,1.0,0.0,1.0,1.0,0.0,True,2021.09.16.19.27.01_veh-45_01749_03230,1,1631823395.4999728,587669.7242905546,4475507.355700971,587664.4773756373,4475510.949346451,1.0,3.4740480971122686e-07,0.0
788,970116f72225f9d8b,1.0,1.0,0.0,1.0,0.8537654496380158,1.0,0.0,1.0,0.0,True,2021.09.16.19.49.00_veh-42_00990_01609,1,1631823439.4997048,587715.9640888273,4475870.846708204,587695.2372152777,4475884.55278351,0.0,1.0994714170863937e-32,0.0
789,9852fe25aea4c5db3,1.0,1.0,1.0,1.0,0.8853463737577482,1.0,0.0,1.0,0.81619513348491,True,2021.10.06.08.16.17_veh-52_00181_00574,1,1633508612.700299,365569.5569824325,144056.56802915872,365569.73752690165,144091.49069933777,1.0,3.3608818512185003e-88,0.8391707417992963
790,e13710073c3a4f5c6,0.0,1.0,1.0,1.0,1.0,0.0,1.0,1.0,0.0,True,2021.06.03.17.06.58_veh-35_02571_02742,1,1622757072.300323,664429.5089417058,3998370.8725224677,664429.5300953841,3998378.2454240294,0.0,0.08333333333333333,0.0
791,af0d83c05846b8b86,0.0,0.0,0.0,1.0,1.0,0.0,0.0,1.0,0.0,True,2021.09.16.19.27.01_veh-45_01749_03230,1,1631822442.499192,587612.1512757804,4475935.8588777715,587627.9815320852,4475955.704635556,0.0,0.07142857142857142,0.0
792,255c5f4408394746c,0.0,1.0,1.0,1.0,1.0,0.0,0.0,1.0,0.0,True,2021.09.16.14.39.34_veh-42_01111_01448,1,1631804388.699858,587581.3843287107,4475692.4604511345,587587.5653903167,4475689.78255841,0.0,0.1,0.0
793,a2578379ff901794e,0.5,1.0,1.0,0.0,1.0,0.0,1.0,1.0,0.0,True,2021.08.30.13.45.25_veh-40_00878_01104,1,1630332140.000201,331751.8685196448,4690713.757029316,331762.22096439556,4690708.074308511,1.0,9.42017905050354e-65,0.0
794,b6eff4db462e0b665,1.0,1.0,1.0,1.0,0.0,1.0,0.0,1.0,0.5,True,2021.09.16.15.12.03_veh-42_01037_01434,1,1631806393.4995148,587576.5270258756,4475579.074142649,587576.5260250848,4475579.074167456,1.0,4.530700391881843e-14,0.5625
795,370b6a02f85908e66,1.0,1.0,1.0,1.0,0.0,1.0,0.0,0.0,0.35714285714285715,True,2021.09.29.19.02.14_veh-28_02451_02708,1,1632944719.799715,330929.0302603343,4690130.8310178295,330929.0243548876,4690130.821223354,0.0,0.05,0.3125
796,036d27d8003dd2f2e,1.0,1.0,1.0,0.0,1.0,1.0,1.0,1.0,0.0,True,2021.08.30.13.45.25_veh-40_00878_01104,1,1630332140.500275,331759.1598254435,4690709.904310073,331765.06008208304,4690707.417427817,0.0,0.2,0.0
797,b1d448fe8d77559fd,1.0,0.0,0.5,1.0,0.9596245316616712,1.0,1.0,1.0,0.0,True,2021.08.30.16.16.44_veh-40_00779_01088,1,1630341159.500238,331634.04674073146,4690781.300410219,331661.4740340813,4690798.122697603,0.0,1.2350511850413024e-45,0.0
798,b6611f13150a67e76,0.0,1.0,1.0,1.0,1.0,0.0,1.0,1.0,0.0,True,2021.09.29.18.19.40_veh-28_01268_01685,1,1632941223.59972,331405.0148675538,4690933.885639452,331373.363625186,4690955.294617454,1.0,3.2316395452196665e-11,0.0
799,fd6e363385145a378,1.0,1.0,0.0,1.0,1.0,1.0,0.0,1.0,0.0,True,2021.08.16.14.23.37_veh-45_00015_00132,1,1629124022.5001528,589023.7255483546,4474706.9980992805,589028.1780873518,4474682.655589391,1.0,3.604300868251587e-285,0.0
800,f3374bc1daec15012,1.0,1.0,1.0,1.0,0.8510331995150041,1.0,0.0,1.0,0.8039404283982157,True,2021.10.06.07.26.10_veh-52_02208_02394,1,1633507574.7003539,365129.01210773503,144093.23234345045,365136.4028478733,144090.40523686382,1.0,1.8856436703909826e-54,0.8284478748484387
801,aadb9d0abc30a1215,0.0,1.0,1.0,1.0,1.0,0.0,0.0,1.0,0.0,True,2021.08.30.14.54.34_veh-40_00439_00835,1,1630336066.0001578,331715.39850511326,4690888.375468539,331735.78176516265,4690919.481007099,0.0,3.093769219250847e-179,0.0
802,0a5f73f132223809d,1.0,1.0,1.0,1.0,1.0,1.0,0.0,1.0,0.8571428571428571,True,2021.09.16.13.53.10_veh-42_00180_00342,1,1631800743.900833,589062.0862566748,4474646.518306198,589086.0568496863,4474643.379644828,0.0,0.058823529411764705,0.75
803,7c851ab07e3f1d15f,1.0,1.0,1.0,1.0,0.6007373775626945,1.0,1.0,1.0,0.857406206272391,True,2021.09.29.18.19.40_veh-28_01268_01685,1,1632941223.59972,331378.28451734106,4690951.961374441,331366.3393430592,4690958.948298832,1.0,1.5140349663824801e-214,0.875230430488342
804,f422184af5c3c266b,0.0,1.0,1.0,1.0,1.0,0.0,1.0,1.0,0.0,True,2021.09.16.19.27.01_veh-45_01749_03230,1,1631823395.9997308,587675.7655156764,4475502.930807631,587664.9168624799,4475511.035814565,1.0,4.889398103509547e-08,0.0
805,3c71818855c39904e,0.0,1.0,1.0,1.0,1.0,0.0,0.0,1.0,0.0,True,2021.05.25.14.26.37_veh-27_04122_04279,1,1621971542.899617,664458.8132621436,3997791.639055003,664460.378149487,3997780.4588387,1.0,2.129840763964247e-21,0.0
806,95839bd90cc4d94c8,1.0,1.0,1.0,1.0,1.0,1.0,1.0,1.0,1.0,True,2021.08.30.14.54.34_veh-40_00439_00835,1,1630336066.500321,331725.452621457,4690904.181092316,331738.04869357764,4690925.238729062,1.0,6.09561437155769e-09,1.0
807,d14bb6b9926bccfb5,1.0,1.0,1.0,1.0,0.9348513975160072,1.0,1.0,1.0,0.9767326419700026,True,2021.09.16.15.12.03_veh-42_01037_01434,1,1631806393.4995148,587581.7058821823,4475576.936665278,587574.4132821981,4475579.455455676,1.0,4.82674555485118e-47,0.9796410617237523
808,15db590374cc3993a,1.0,1.0,1.0,1.0,0.9042889114610616,1.0,1.0,1.0,0.9658174683789505,True,2021.09.16.15.12.03_veh-42_01037_01434,1,1631806392.9996428,587581.4928126953,4475576.970015695,587574.415795768,4475579.454460339,1.0,2.524998082021532e-115,0.9700902848315818
809,947c5404a2702b039,1.0,1.0,0.5,1.0,1.0,0.0,1.0,1.0,0.32142857142857145,True,2021.09.16.13.53.10_veh-42_00180_00342,1,1631800743.400754,589051.191194863,4474647.58050322,589082.1776246607,4474643.723377057,1.0,1.2006171533477854e-273,0.34375
810,7cd1093d133170449,1.0,0.0,1.0,1.0,1.0,1.0,1.0,1.0,0.0,True,2021.09.16.19.27.01_veh-45_00472_00711,1,1631820946.4996898,588574.3424063605,4475643.780202598,588584.1253417885,4475602.58038555,0.0,5.988077716758601e-41,0.0
811,9e3f67fd8b392a5d6,1.0,1.0,1.0,1.0,0.8517402758374918,1.0,0.0,1.0,0.804192955656247,True,2021.10.06.08.16.17_veh-52_00181_00574,1,1633508613.2005038,365569.7072090484,144076.46867770003,365571.12451131624,144096.65329158847,1.0,0.058823529411764705,0.8286688361992162
812,aeafb748fb3a37e8c,1.0,1.0,1.0,1.0,1.0,1.0,1.0,1.0,1.0,True,2021.10.06.08.16.17_veh-52_00181_00574,1,1633508613.2005038,365569.01309622335,144090.47654212965,365571.7212629466,144101.0181641178,1.0,0.058823529411764705,1.0
813,0a043b6dfbe71d53e,1.0,1.0,1.0,1.0,0.8534743380774527,1.0,0.0,1.0,0.8048122635990903,True,2021.09.16.13.53.10_veh-42_00180_00342,1,1631800743.400754,589063.906460152,4474646.150213758,589088.3372757763,4474642.447520047,0.0,3.339229104762635e-55,0.704210730649204
814,c0ec09e19eaff83c9,0.0,1.0,1.0,1.0,1.0,0.0,0.0,1.0,0.0,True,2021.09.16.14.39.34_veh-42_01111_01448,1,1631804389.199903,587579.5816213031,4475690.866416393,587585.9105314208,4475688.90959424,1.0,0.1,0.0
815,a3adc8c27da8f8689,1.0,1.0,1.0,1.0,0.591812877041813,1.0,1.0,1.0,0.8542188846577903,True,2021.09.29.18.19.40_veh-28_01268_01685,1,1632941224.099604,331378.73408429197,4690951.780363926,331367.84489878657,4690958.077004104,1.0,2.3272525698750826e-226,0.8724415240755665
816,3ba190ee6bf34b836,1.0,1.0,1.0,1.0,1.0,1.0,0.0,1.0,0.8571428571428571,True,2021.10.06.07.26.10_veh-52_02208_02394,1,1633507574.1999419,365132.3277316697,144092.87644742147,365133.4201643922,144092.2448284674,1.0,4.038326380633408e-42,0.875
817,d64fff6b350c44bf6,1.0,1.0,0.5,1.0,0.742934006826654,1.0,1.0,1.0,0.4540953583619025,True,2021.09.16.15.12.03_veh-42_01037_01434,1,1631806392.9996428,587582.3294758205,4475563.989470073,587578.3241032969,4475577.855289466,0.0,1.361631790675485e-20,0.3973334385666647
818,c0c4cd4a0562039fc,1.0,0.0,1.0,1.0,1.0,1.0,1.0,1.0,0.0,True,2021.10.06.08.16.17_veh-52_01949_02501,1,1633510504.200027,365563.96053620754,143115.63324527428,365569.5388482827,143104.6286740326,0.0,0.08333333333333333,0.0
819,69958b4858f9aa696,1.0,1.0,1.0,1.0,0.0017018016356088567,1.0,1.0,1.0,0.6434649291555746,True,2021.10.06.07.26.10_veh-52_00006_00398,1,1633505271.2003798,364963.51638488565,143511.23933589706,364963.5165346204,143511.23948922323,0.0,0.0,0.5630318130111278
820,e06d3e2d64736c62d,1.0,1.0,1.0,1.0,1.0,1.0,0.0,0.0,0.7142857142857143,True,2021.09.16.14.39.34_veh-42_00297_00935,1,1631803774.699926,587619.4779346222,4475950.82749935,587631.7540352269,4475957.753968699,0.0,0.07142857142857142,0.625
821,e1d9c45d963c62c2d,1.0,1.0,1.0,1.0,0.5178900756993968,1.0,0.0,1.0,0.6849607413212132,True,2021.10.06.08.16.17_veh-52_01949_02501,1,1633510503.699663,365563.2043893874,143115.6708975498,365568.4834229756,143103.21381303624,1.0,0.08333333333333333,0.7243406486560615
822,f594bad990074c0ce,1.0,1.0,1.0,1.0,1.0,1.0,0.0,1.0,0.8571428571428571,True,2021.06.03.12.02.06_veh-35_00233_00609,1,1622736827.501288,664212.756418533,3997421.042383654,664219.1739828144,3997418.3777650353,0.0,0.14285714285714285,0.75
823,f8e644eaae7fc78c5,1.0,1.0,1.0,1.0,1.0,1.0,0.0,1.0,0.8571428571428571,True,2021.10.06.07.26.10_veh-52_01245_02064,1,1633507080.700362,365205.13030863425,143602.788421269,365184.94186321966,143558.8704769613,1.0,7.250939342339795e-184,0.875
824,b3ef71b2c228693bd,1.0,1.0,1.0,1.0,0.9971606335177656,1.0,0.0,1.0,0.8561287976849162,True,2021.09.16.19.12.04_veh-42_00289_00398,1,1631820167.499603,589021.2372399807,4474737.490139684,589027.4674771428,4474693.66883126,1.0,0.9217745368609962,0.8741126979743017
825,e7e93c5b22cdc4824,1.0,1.0,1.0,1.0,0.5428463127626331,1.0,1.0,1.0,0.8367308259866546,True,2021.10.06.08.16.17_veh-52_01949_02501,1,1633510503.699663,365563.9754721408,143115.74718951317,365569.8104519576,143102.6099914305,0.0,0.08333333333333333,0.7321394727383228
826,01ad91141d2668de6,0.0,1.0,1.0,1.0,1.0,0.0,1.0,1.0,0.0,True,2021.09.29.18.19.40_veh-28_01268_01685,1,1632941223.59972,331392.0272792141,4690943.52310266,331370.13615195523,4690956.97081001,0.0,8.722791037749406e-71,0.0
827,dcea45b5db447124d,0.0,0.0,1.0,1.0,1.0,0.0,0.0,1.0,0.0,True,2021.10.06.07.26.10_veh-52_00006_00398,1,1633505271.2003798,364953.8833056989,143495.06800967365,364962.15739354707,143508.37931371768,1.0,5.599731825878806e-216,0.0
828,cfb8ea140d6258c81,1.0,1.0,1.0,1.0,1.0,1.0,0.0,1.0,0.8571428571428571,True,2021.10.06.07.26.10_veh-52_02208_02394,1,1633507574.1999419,365130.4355355026,144095.13426047153,365136.7845545137,144091.0426303636,1.0,6.270439318727341e-139,0.875
829,63e3d0d0e92dfb4d5,1.0,0.0,0.5,1.0,1.0,1.0,1.0,1.0,0.0,True,2021.06.28.16.29.11_veh-38_03263_03766,1,1624901429.299944,664427.1589276376,3997335.615158237,664426.0168961547,3997347.36451639,0.0,0.14285714285714285,0.0
830,a40fbf3b2009b98da,1.0,1.0,0.0,1.0,1.0,1.0,0.0,1.0,0.0,True,2021.10.06.08.16.17_veh-52_00181_00574,1,1633508612.700299,365569.47429122427,144066.01695890783,365569.2080877394,144095.1589162026,1.0,4.096964857107903e-13,0.0
831,558678d3b68828f3a,1.0,0.0,0.0,1.0,1.0,1.0,0.0,1.0,0.0,True,2021.09.16.19.12.04_veh-42_00289_00398,1,1631820167.499603,589018.8796888549,4474722.205613234,589027.12924905,4474688.178503201,1.0,1.964498255388402e-90,0.0
832,d216a742018af5843,1.0,0.0,1.0,1.0,1.0,1.0,1.0,1.0,0.0,True,2021.09.16.19.27.01_veh-45_00472_00711,1,1631820947.000062,588573.5487255325,4475632.419492762,588583.6603435094,4475604.087301248,1.0,7.723078459764259e-138,0.0
833,ee30df8e553e929cb,1.0,1.0,1.0,1.0,1.0,1.0,1.0,1.0,1.0,True,2021.08.30.16.16.44_veh-40_00779_01088,1,1630341160.000258,331641.72034261544,4690782.613804719,331663.5402409103,4690797.480395162,0.0,1.8648776399599701e-07,0.875
834,f29d81b7079d53bff,1.0,1.0,1.0,1.0,0.904371999297229,1.0,1.0,1.0,0.9658471426061533,True,2021.09.29.14.44.26_veh-28_00337_00504,1,1632927209.799903,331065.3427749989,4690746.487661115,331068.5792331265,4690736.125267739,0.0,0.05263157894736842,0.8451162497803841
835,71d45b383e1e50669,1.0,1.0,1.0,1.0,0.012219213392964912,1.0,1.0,1.0,0.6472211476403447,True,2021.09.29.18.19.40_veh-28_00438_00833,1,1632940206.099712,331009.01553462096,4691175.427438686,331008.99866192706,4691175.42196387,1.0,2.4297755148493806e-100,0.6913185041853016
836,21473775434910bbe,1.0,1.0,1.0,1.0,1.0,1.0,0.0,1.0,0.8571428571428571,True,2021.08.16.14.23.37_veh-45_00015_00132,1,1629124021.9999518,589031.0134694633,4474675.485315341,589030.8041461383,4474674.371116772,1.0,0.0,0.875
837,e3e06ab2151befbbb,1.0,1.0,1.0,1.0,0.8011503707735145,1.0,0.0,1.0,0.7861251324191123,True,2021.10.06.07.26.10_veh-52_00422_00728,1,1633505925.199883,365428.35733710165,144291.5138984039,365406.70557995583,144311.6834757158,1.0,8.016044163860961e-20,0.8128594908667233
838,434099c65ff71b535,0.0,1.0,0.0,1.0,1.0,0.0,0.0,1.0,0.0,True,2021.09.16.15.12.03_veh-42_01037_01434,1,1631806393.4995148,587609.0237155242,4475561.962609309,587587.0668872293,4475575.1434142515,0.0,6.517316229755434e-163,0.0
839,fe2ce74b2caa3fec8,1.0,1.0,1.0,1.0,0.5102300069192078,1.0,1.0,1.0,0.8250821453282885,True,2021.09.29.18.19.40_veh-28_00438_00833,1,1632940205.599778,331014.50377451116,4691176.735454944,331009.49930900085,4691174.902118044,1.0,2.1465431845236695e-20,0.8469468771622525
840,02b1fffab31483b6f,1.0,0.0,0.5,1.0,1.0,1.0,0.0,1.0,0.0,True,2021.08.16.14.23.37_veh-45_00015_00132,1,1629124021.9999518,589027.1415226064,4474704.1428251555,589030.8603250324,4474682.270925468,0.0,1.662811121509162e-139,0.0
841,8c7b004d36c8af906,1.0,1.0,0.5,1.0,0.9062243226691685,1.0,1.0,1.0,0.4832543433337801,True,2021.09.16.13.53.10_veh-42_00180_00342,1,1631800743.900833,589076.7154635185,4474644.577316153,589090.7915961972,4474638.452822069,1.0,0.058823529411764705,0.48534755041705757
842,f0a661b0e2a358ecf,1.0,1.0,1.0,1.0,0.5634617037461452,1.0,1.0,1.0,0.8440934656236233,True,2021.09.16.14.39.34_veh-42_00032_00186,1,1631803358.699646,589349.404082714,4473895.607343362,589344.9973484107,4473902.204405285,0.0,0.0625,0.7385817824206704
843,d362ccbdddf4e0d3f,1.0,1.0,1.0,1.0,1.0,1.0,0.0,1.0,0.8571428571428571,True,2021.09.16.19.12.04_veh-42_00289_00398,1,1631820167.499603,589024.4452053983,4474709.024026849,589027.5005872006,4474683.202694065,0.0,1.007211833758863e-281,0.75
844,a70343efbae4bbaab,1.0,0.0,0.0,1.0,1.0,1.0,0.0,1.0,0.0,True,2021.09.16.19.12.04_veh-42_00289_00398,1,1631820167.499603,589018.6316109021,4474732.1106795315,589026.9418718673,4474691.854940236,1.0,5.246141234123577e-18,0.0
845,20e09bbb0401bd1be,1.0,1.0,1.0,1.0,0.8082377430650665,1.0,0.0,1.0,0.7886563368089524,True,2021.09.29.14.44.26_veh-28_00337_00504,1,1632927209.799903,331032.32548484346,4690770.141217795,331058.0266147251,4690752.436618528,0.0,0.05263157894736842,0.6900742947078333
846,9ed7d460817e222e9,1.0,1.0,1.0,1.0,0.7873209739421493,1.0,0.0,1.0,0.7811860621221962,True,2021.09.29.19.02.14_veh-28_02451_02708,1,1632944719.2998989,330949.6596249263,4690172.5351290675,330932.0120881089,4690140.961129778,1.0,0.05,0.8085378043569217
847,a36a2aecb6e0cc295,1.0,1.0,1.0,1.0,1.0,1.0,0.0,1.0,0.8571428571428571,True,2021.10.06.07.26.10_veh-52_01245_02064,1,1633507080.700362,365197.74252770096,143586.242157444,365182.4227912305,143552.5954741401,1.0,1.0495474003880895e-13,0.875
848,d6e3a8fc354d62753,0.0,1.0,1.0,1.0,1.0,0.0,0.0,1.0,0.0,True,2021.05.25.14.26.37_veh-27_04122_04279,1,1621971542.899617,664460.2327906055,3997799.4425918655,664461.8891678738,3997784.082991952,1.0,0.03820197100209547,0.0
849,9abae68cd6e25c030,1.0,1.0,0.0,1.0,0.813411887310985,1.0,1.0,1.0,0.0,True,2021.09.16.19.27.01_veh-45_01749_03230,1,1631822975.999569,588086.3691463206,4475465.111923796,588098.4240320366,4475446.0169069795,1.0,2.393744606649761e-193,0.0
850,d3fd9caab2859cfd1,1.0,1.0,0.0,1.0,1.0,1.0,0.0,1.0,0.0,True,2021.08.30.14.54.34_veh-40_00439_00835,1,1630336066.0001578,331723.79062726477,4690899.433406427,331738.06060982903,4690923.080673204,1.0,2.7895690527224587e-50,0.0
851,7858c7e045c1ac9b5,1.0,1.0,1.0,1.0,1.0,1.0,0.0,1.0,0.8571428571428571,True,2021.10.06.07.26.10_veh-52_01245_02064,1,1633507080.2000868,365202.680367855,143599.65414434954,365182.16089411324,143552.12219799816,1.0,4.633480242844141e-79,0.875
852,aa1c2ba87587b53cb,1.0,1.0,1.0,1.0,1.0,1.0,1.0,1.0,1.0,True,2021.09.16.19.27.01_veh-45_00472_00711,1,1631820946.4996898,588577.5808904887,4475617.978626792,588588.4746395071,4475598.237014493,1.0,1.4359636360793841e-233,1.0
853,2f24eb49857240d79,1.0,1.0,1.0,1.0,1.0,1.0,1.0,1.0,1.0,True,2021.08.30.16.16.44_veh-40_00779_01088,1,1630341160.000258,331657.7079135039,4690793.2068789415,331667.882377704,4690804.385638588,1.0,9.324752694083678e-106,1.0
854,4de6ba672dc37ec25,0.0,1.0,1.0,1.0,1.0,0.0,0.0,1.0,0.0,True,2021.05.25.14.26.37_veh-27_04122_04279,1,1621971542.899617,664462.9308806496,3997789.5818431797,664462.0859003445,3997782.0256842924,0.0,2.790259726510019e-07,0.0
855,944ac9576ebfdb76e,1.0,0.0,0.5,1.0,1.0,0.0,1.0,1.0,0.0,True,2021.09.16.15.12.03_veh-42_01037_01434,1,1631806393.4995148,587586.2225489335,4475563.90615545,587582.2897351116,4475575.549462739,0.0,1.456613466564414e-36,0.0
856,35fc09471c163fd84,1.0,1.0,1.0,1.0,0.013098629086393384,1.0,1.0,1.0,0.6475352246737119,True,2021.10.06.08.16.17_veh-52_01590_01725,1,1633509884.1999009,365789.0696450144,143356.95349805432,365789.06858378573,143356.98503983053,0.0,0.1111111111111111,0.5665933215894979
857,385adba134e6d7874,0.0,1.0,0.5,1.0,1.0,0.0,1.0,1.0,0.0,True,2021.09.16.19.27.01_veh-45_01749_03230,1,1631823395.9997308,587680.0325211508,4475500.02976569,587664.9595046302,4475510.538293937,1.0,3.400253857877879e-06,0.0
858,ca65ee7c58adc26d8,1.0,1.0,1.0,1.0,1.0,1.0,0.0,1.0,0.8571428571428571,True,2021.10.06.07.26.10_veh-52_02208_02394,1,1633507574.1999419,365133.4699897395,144093.08507961407,365133.50889045594,144093.05083156566,1.0,6.029647752189256e-40,0.875
859,e73143b99e1e6dcd3,1.0,1.0,1.0,1.0,0.691907085808308,1.0,0.0,1.0,0.7471096735029672,True,2021.10.06.07.26.10_veh-52_00006_00398,1,1633505271.2003798,364948.4495281077,143490.1779342345,364957.91020651645,143502.59677339773,1.0,6.932496613166138e-18,0.7787209643150963
860,11f2411e873c0fa28,1.0,1.0,1.0,1.0,0.7313537429101291,1.0,0.0,1.0,0.7611977653250461,True,2021.10.06.07.26.10_veh-52_00422_00728,1,1633505925.199883,365424.6947906898,144295.55077161244,365406.2050525952,144311.96156655994,1.0,6.9648611199330345e-25,0.7910480446594154
861,a77ac8c195ac2cc7a,1.0,0.0,0.5,1.0,1.0,0.0,0.0,1.0,0.0,True,2021.10.06.07.26.10_veh-52_02208_02394,1,1633507574.7003539,365115.1656459431,144097.64409647556,365126.8914104637,144095.15236506957,1.0,2.219919493640473e-58,0.0
862,57242411e2f320c12,1.0,1.0,1.0,1.0,0.5849258039291221,1.0,1.0,1.0,0.8517592156889722,True,2021.10.06.07.26.10_veh-52_00422_00728,1,1633505925.199883,365410.55371418514,144306.7057422338,365400.58304792334,144313.6140730332,0.0,1.218164435351624e-143,0.7452893137278507
863,995a5ceaca13fa6a0,1.0,0.0,1.0,1.0,1.0,1.0,0.0,1.0,0.0,True,2021.09.16.13.53.10_veh-42_01510_01591,1,1631802036.400076,588993.1145812102,4474781.486772371,588978.1907654078,4474809.929696515,1.0,0.14285714285714285,0.0
864,51539f7b502dc9ffd,1.0,1.0,1.0,1.0,1.0,1.0,0.0,1.0,0.8571428571428571,True,2021.08.30.16.16.44_veh-40_00779_01088,1,1630341159.500238,331658.24124668865,4690793.584924123,331668.4002880326,4690805.791226715,1.0,2.104042440743395e-68,0.875
865,3c8a99a0db652a225,0.0,1.0,1.0,1.0,1.0,0.0,0.0,1.0,0.0,True,2021.09.16.15.12.03_veh-42_01037_01434,1,1631806393.4995148,587606.9211291866,4475559.816211534,587586.9873214443,4475573.898733584,1.0,1.114790163117615e-177,0.0
866,ad027cf65e5484130,1.0,1.0,1.0,1.0,0.8347979735522144,1.0,1.0,1.0,0.940999276268648,True,2021.10.06.08.16.17_veh-52_01590_01725,1,1633509884.699713,365798.26287932746,143319.44103503026,365790.56832368445,143342.70184064674,1.0,0.1111111111111111,0.948374366735067
867,91df963d13c291bb9,1.0,0.0,1.0,1.0,0.9067120337466282,1.0,0.0,1.0,0.0,True,2021.09.29.14.44.26_veh-28_00337_00504,1,1632927209.799903,331025.72193581524,4690770.63491079,331056.9412766636,4690750.5249387985,0.0,0.05263157894736842,0.0
868,4aa1d2e5835ad59ee,1.0,1.0,1.0,1.0,0.7125469512102567,1.0,1.0,1.0,0.8973381968608061,True,2021.09.16.16.20.27_veh-08_02435_02525,1,1631811847.6994588,587481.9898100153,4475612.166199628,587476.3684382528,4475622.228534766,0.0,3.577924129038511e-15,0.7851709222532053
869,f511978077fdcd122,1.0,1.0,1.0,1.0,0.8001998071541768,1.0,1.0,1.0,0.928642788269349,True,2021.09.16.19.49.00_veh-42_00990_01609,1,1631823439.4997048,587701.7806803269,4475879.096852367,587688.8763380022,4475888.50460161,0.0,7.789569681596897e-245,0.8125624397356803
870,b8f175630a8fe6f7c,1.0,1.0,1.0,1.0,0.8679154892253993,1.0,1.0,0.0,0.8099698175804998,True,2021.09.16.14.39.34_veh-42_00297_00935,1,1631803775.200522,587621.4033089287,4475955.464308333,587632.6785893232,4475958.531043731,0.0,0.07142857142857142,0.7087235903829373
871,9f8032f6872d56164,1.0,1.0,1.0,1.0,0.8373790016213045,1.0,1.0,1.0,0.9419210720076087,True,2021.09.16.13.53.10_veh-42_00180_00342,1,1631800743.400754,589084.9406568336,4474644.019678634,589092.4117760565,4474638.531252046,0.0,3.2074593329080555e-07,0.8241809380066576
872,88fb73c3952c8f9ea,0.0,1.0,1.0,1.0,1.0,0.0,0.0,1.0,0.0,True,2021.09.29.18.19.40_veh-28_01268_01685,1,1632941223.59972,331407.6527147439,4690932.453268789,331376.3550314796,4690952.864803712,1.0,2.579822482046085e-05,0.0
873,dfb0b00c1c3dcaa0a,1.0,1.0,0.0,1.0,1.0,1.0,0.0,1.0,0.0,True,2021.09.16.13.53.10_veh-42_00180_00342,1,1631800743.900833,589067.5539566204,4474645.023373427,589087.2649964294,4474642.220860488,1.0,0.058823529411764705,0.0
874,f25f0a0a5f68f4d90,1.0,1.0,1.0,1.0,0.7483743347952712,1.0,0.0,1.0,0.7672765481411682,True,2021.09.16.14.39.34_veh-42_00032_00186,1,1631803358.199913,589345.154579401,4473896.449390047,589343.0520634237,4473904.485864381,1.0,5.312484794401446e-279,0.7963669796235222
875,d3fe928c762b0cd0d,1.0,1.0,1.0,1.0,1.0,1.0,0.0,1.0,0.8571428571428571,True,2021.09.16.14.39.34_veh-42_00297_00935,1,1631803775.200522,587621.5808962618,4475952.108561084,587630.973423063,4475957.670240457,1.0,0.07142857142857142,0.875
876,a285844e480d8be12,1.0,1.0,1.0,1.0,0.6577234470471979,1.0,0.0,1.0,0.734901231088285,True,2021.08.30.16.16.44_veh-40_00779_01088,1,1630341160.000258,331657.8943681799,4690793.519204804,331666.41621373105,4690805.511273864,1.0,7.744481989541396e-105,0.7680385772022493
877,e829e9b1fb63a8774,1.0,0.0,1.0,1.0,1.0,1.0,0.0,1.0,0.0,True,2021.10.06.08.16.17_veh-52_00181_00574,1,1633508613.2005038,365567.62317458086,144097.84985052695,365576.16566401604,144105.53978226692,0.0,0.058823529411764705,0.0
878,5907808b0fa7fc555,1.0,1.0,1.0,1.0,0.7565342932062462,1.0,1.0,1.0,0.9130479618593738,True,2021.09.16.14.39.34_veh-42_00032_00186,1,1631803358.699646,589344.6285328992,4473890.626707262,589345.2345182272,4473900.1648788,0.0,0.0625,0.798916966626952
879,c9a52fd56ee7c5ee5,1.0,1.0,1.0,1.0,1.0,1.0,1.0,1.0,1.0,True,2021.09.16.13.53.10_veh-42_00077_00153,1,1631800604.8992178,589345.9773314873,4473886.3903777385,589346.6184215035,4473897.901364964,0.0,0.1,0.875
880,7431e431b6e352571,1.0,1.0,1.0,1.0,1.0,1.0,0.0,1.0,0.8571428571428571,True,2021.09.16.19.12.04_veh-42_00289_00398,1,1631820167.499603,589025.4494879415,4474702.126319051,589027.8159759145,4474681.414931073,0.0,0.0,0.75
881,4733330ccf4a023b5,1.0,1.0,1.0,1.0,0.8017209888126205,1.0,0.0,1.0,0.7863289245759358,True,2021.09.16.14.39.34_veh-42_00297_00935,1,1631803775.200522,587626.3001662786,4475958.158114596,587635.0973770439,4475957.8172544,0.0,0.07142857142857142,0.6880378090039438
882,88d4924ebb1940ca0,1.0,1.0,1.0,1.0,0.4656127063830403,1.0,1.0,1.0,0.8091473951368001,True,2021.09.29.18.19.40_veh-28_00438_00833,1,1632940206.099712,331014.16619001376,4691176.515657119,331009.8035426455,4691174.966275717,1.0,3.650526354453118e-90,0.8330039707447001
883,7b43da672e8898362,1.0,1.0,0.0,1.0,1.0,1.0,0.0,1.0,0.0,True,2021.08.30.14.54.34_veh-40_00439_00835,1,1630336066.0001578,331732.6950306705,4690911.300056552,331741.1337951354,4690930.331900401,1.0,7.579752580717278e-28,0.0
884,3ee4790171e6a99ef,1.0,1.0,1.0,1.0,0.6280949391777026,1.0,1.0,1.0,0.8671767639920367,True,2021.10.06.07.26.10_veh-52_00422_00728,1,1633505924.7000349,365421.1404622415,144297.46008042237,365405.00429696194,144310.47430681065,1.0,0.9999999298504582,0.8837796684930321
885,ea89785b6636000f5,1.0,1.0,1.0,1.0,0.8392520622289661,1.0,1.0,1.0,0.9425900222246307,True,2021.09.16.19.27.01_veh-45_01749_03230,1,1631822442.999637,587622.7124129835,4475955.815316655,587632.631192433,4475957.756640642,0.0,0.07142857142857142,0.8247662694465518
886,67d0d1179730f6191,1.0,1.0,0.5,1.0,1.0,1.0,0.0,1.0,0.42857142857142855,True,2021.09.16.14.39.34_veh-42_00297_00935,1,1631803775.200522,587617.6313471689,4475945.286289,587628.4752511408,4475957.541263509,1.0,0.07142857142857142,0.4375
887,5fa2d65d901225f48,1.0,1.0,1.0,1.0,0.47227568702848605,1.0,1.0,1.0,0.8115270310816022,True,2021.09.29.18.19.40_veh-28_01268_01685,1,1632941224.099604,331375.0120598702,4690954.2446007505,331368.11286012887,4690958.193063329,0.0,1.558205411601629e-219,0.7100861521964019
888,7928a371230bc1be6,1.0,1.0,1.0,1.0,1.0,1.0,1.0,1.0,1.0,True,2021.09.29.14.44.26_veh-28_01202_01296,1,1632927927.299737,331509.65631865954,4690827.488939214,331505.9254464372,4690821.443154679,1.0,1.1501318068259251e-63,1.0
889,63f0437b508ffc626,0.0,1.0,1.0,1.0,1.0,0.0,0.0,1.0,0.0,True,2021.09.16.16.20.27_veh-08_02435_02525,1,1631811847.6994588,587502.4764727006,4475602.992084093,587479.3328132678,4475617.1374481665,0.0,3.145643341024126e-151,0.0
890,6bb22c30119ed991a,1.0,1.0,1.0,1.0,0.45433365738128545,1.0,0.0,1.0,0.6622620204933163,True,2021.09.29.19.02.14_veh-28_02451_02708,1,1632944719.2998989,330934.92440636293,4690141.171403078,330929.8350875324,4690132.239092798,0.0,0.05,0.5794792679316517
891,0437e4fe123ba7e19,1.0,1.0,1.0,1.0,0.0,1.0,1.0,1.0,0.6428571428571429,True,2021.09.29.18.19.40_veh-28_00438_00833,1,1632940206.099712,331006.71594553743,4691173.882812382,331006.71528659796,4691173.882421437,1.0,1.730659124123458e-198,0.6875
892,6b13c052d037390cc,1.0,1.0,1.0,1.0,0.01113385869884788,1.0,1.0,1.0,0.6468335209638744,True,2021.09.29.18.19.40_veh-28_00438_00833,1,1632940205.599778,331009.20571607596,4691174.8436788935,331009.1957720365,4691174.8412756985,1.0,4.801643981648464e-24,0.69097933084339
893,8f18562d38dacb97d,0.0,1.0,1.0,1.0,1.0,0.0,0.0,1.0,0.0,True,2021.09.29.19.02.14_veh-28_00540_00917,1,1632942930.799655,331500.167594634,4690874.300872805,331483.56947963237,4690885.60341573,1.0,3.118060346844798e-70,0.0
894,5864544991537f112,0.0,0.0,0.0,1.0,1.0,0.0,0.0,1.0,0.0,True,2021.09.16.13.53.10_veh-42_00180_00342,1,1631800743.900833,589054.0867638646,4474649.22364595,589083.3650301831,4474644.849358829,0.0,0.058823529411764705,0.0
895,72f8e30d5fbc3839a,0.0,0.0,1.0,1.0,1.0,0.0,0.0,1.0,0.0,True,2021.10.06.07.26.10_veh-52_00006_00398,1,1633505271.7001848,364955.7016583595,143497.0020619418,364962.1030722986,143508.18603378694,1.0,1.1332248774834104e-124,0.0
896,116930ec4ef8fd410,1.0,1.0,1.0,1.0,0.0,1.0,1.0,1.0,0.6428571428571429,True,2021.09.29.18.19.40_veh-28_00438_00833,1,1632940205.599778,331006.7222391196,4691173.888699626,331006.72143193224,4691173.8882207945,1.0,1.0104681592359546e-75,0.6875
897,b65f9c34340591fdf,1.0,1.0,1.0,1.0,0.7479801396069672,1.0,0.0,1.0,0.7671357641453455,True,2021.09.29.14.44.26_veh-28_00337_00504,1,1632927209.299624,331052.3744217159,4690757.263375808,331065.6979016473,4690742.455936123,0.0,0.05263157894736842,0.6712437936271772
898,36f3fac010047f5a8,1.0,0.0,0.5,1.0,1.0,1.0,0.0,1.0,0.0,True,2021.06.28.16.29.11_veh-38_03263_03766,1,1624901429.299944,664423.5586409741,3997331.3260664335,664425.0342282862,3997344.151680116,0.0,0.14285714285714285,0.0
899,db738e711b7d7a1c7,1.0,1.0,1.0,1.0,1.0,1.0,1.0,0.0,0.8571428571428571,True,2021.09.16.16.20.27_veh-08_02435_02525,1,1631811847.6994588,587481.9098172726,4475611.607831298,587476.8865621665,4475627.324286052,0.0,1.2865196395210408e-15,0.75
900,04635beeb994d0ded,1.0,1.0,0.0,1.0,1.0,1.0,0.0,1.0,0.0,True,2021.10.06.08.16.17_veh-52_00181_00574,1,1633508613.2005038,365568.85743499274,144061.20516768677,365568.5495335771,144092.2977759821,1.0,0.058823529411764705,0.0
901,c03a37189cd1ca69a,0.0,0.0,1.0,0.0,1.0,0.0,1.0,1.0,0.0,True,2021.09.29.18.19.40_veh-28_01268_01685,1,1632941223.59972,331417.9729218699,4690924.651392219,331378.8417163128,4690951.772057795,0.0,1.4238705551403725e-43,0.0
902,4929156d96635caed,1.0,1.0,1.0,1.0,1.0,1.0,0.0,1.0,0.8571428571428571,True,2021.09.29.19.02.14_veh-28_00540_00917,1,1632942930.299922,331484.96884989785,4690882.314886656,331476.57157702604,4690890.199199469,1.0,0.6046453871146277,0.875
903,bafac7b272b09ff2d,1.0,0.0,1.0,1.0,1.0,1.0,1.0,1.0,0.0,True,2021.09.29.14.44.26_veh-28_00337_00504,1,1632927209.299624,331062.07281617617,4690744.112150455,331067.3849499177,4690734.186105507,1.0,0.05263157894736842,0.0
904,103886298090f6b5a,0.0,0.0,0.5,1.0,1.0,0.0,1.0,1.0,0.0,True,2021.06.28.20.24.43_veh-38_03385_04952,1,1624916002.599906,664867.4446734268,3999619.5706666657,664855.2744433387,3999602.1890407666,1.0,0.20857912333061865,0.0
905,a8b0718f4ba8367ac,1.0,0.0,0.5,1.0,0.724131709392437,1.0,1.0,1.0,0.0,True,2021.09.16.14.39.34_veh-42_00032_00186,1,1631803358.199913,589338.1733393694,4473880.79450955,589346.7588765472,4473896.212134179,0.0,3.069010755032564e-27,0.0
906,5c7504aeee1fc6587,0.0,0.0,1.0,1.0,1.0,0.0,1.0,1.0,0.0,True,2021.09.16.19.27.01_veh-45_01749_03230,1,1631823395.9997308,587682.8178081273,4475522.317911831,587667.896481915,4475510.898766861,0.0,0.9999631866865079,0.0
907,aeec01880eb4ba54b,1.0,0.0,1.0,1.0,1.0,1.0,0.0,1.0,0.0,True,2021.09.16.19.12.04_veh-42_00289_00398,1,1631820167.499603,589024.5361302821,4474712.478974643,589027.9705011584,4474683.949375455,1.0,1.1615018336659879e-244,0.0
908,15e2547cb8af6e312,1.0,0.0,0.0,1.0,1.0,1.0,0.0,1.0,0.0,True,2021.10.06.07.26.10_veh-52_01245_02064,1,1633506717.6997159,365040.7752092974,143035.69630698665,365058.8129048065,143020.54658202923,0.0,3.375703512639155e-124,0.0
909,76d9e9afdcf9204ad,1.0,0.0,1.0,1.0,1.0,1.0,1.0,1.0,0.0,True,2021.09.16.13.53.10_veh-42_00077_00153,1,1631800604.399551,589335.5034253711,4473885.266532857,589346.0152530846,4473893.713863836,1.0,0.1,0.0
910,947f38ffbc0854bac,0.0,1.0,1.0,1.0,1.0,0.0,1.0,1.0,0.0,True,2021.06.03.17.06.58_veh-35_02571_02742,1,1622757072.800535,664429.5182418012,3998368.055792195,664429.5139995497,3998376.8314559627,0.0,0.08333333333333333,0.0
911,fba5b4aa043d4c14b,1.0,0.0,0.5,1.0,1.0,1.0,1.0,1.0,0.0,True,2021.09.16.13.53.10_veh-42_00077_00153,1,1631800604.8992178,589335.3531253405,4473881.90376243,589346.7575095411,4473892.333049563,0.0,0.1,0.0
912,1bd74624249d94074,0.5,1.0,1.0,0.0,1.0,0.0,1.0,1.0,0.0,True,2021.08.30.13.45.25_veh-40_00878_01104,1,1630332140.500275,331744.1835938507,4690719.245891719,331760.50401562057,4690709.737705747,1.0,0.2,0.0
913,9c40a73dcfa534ce7,1.0,1.0,1.0,1.0,0.8779987019738863,1.0,1.0,1.0,0.9564281078478165,True,2021.09.29.19.02.14_veh-28_02451_02708,1,1632944719.2998989,330959.1890004586,4690187.966166637,330936.15663513815,4690146.496520545,1.0,0.05,0.9618745943668394
914,9a9ccb6c7221c42a1,1.0,1.0,1.0,1.0,0.908337241383662,1.0,0.0,1.0,0.8244061576370222,True,2021.09.29.14.44.26_veh-28_00337_00504,1,1632927209.799903,331047.6716652822,4690760.970551538,331064.85875664675,4690744.339908062,0.0,0.05263157894736842,0.7213553879323944
915,d7cb69340aa436966,1.0,1.0,0.5,1.0,0.6353267350955765,1.0,1.0,1.0,0.4348797741242101,True,2021.09.16.15.12.03_veh-42_01037_01434,1,1631806393.4995148,587581.6798682741,4475563.766099149,587580.3657174464,4475575.796048497,0.0,3.817771106178684e-13,0.3805198023586838
916,b7f83635c23a2a5d8,0.0,0.0,1.0,1.0,1.0,0.0,0.0,1.0,0.0,True,2021.10.06.07.26.10_veh-52_02208_02394,1,1633507574.1999419,365109.3981725861,144093.7979259087,365125.9073963841,144093.920302174,0.0,4.990713977513322e-23,0.0
917,f573807ec3756dc53,1.0,0.0,1.0,1.0,0.8514497543934161,1.0,1.0,1.0,0.0,True,2021.10.06.07.26.10_veh-52_01245_02064,1,1633507080.700362,365199.52529350406,143587.63602099568,365183.52966056706,143553.20824622078,1.0,4.4249180933848204e-29,0.0
918,29cd08f6390e4f790,1.0,0.0,1.0,1.0,0.803458184018525,1.0,1.0,1.0,0.0,True,2021.09.16.13.53.10_veh-42_01510_01591,1,1631802035.8997738,588984.6100047561,4474800.724535383,588973.4014692463,4474821.7380554555,0.0,0.14285714285714285,0.0
919,ff17ac7233820a90f,1.0,1.0,1.0,1.0,1.0,1.0,0.0,1.0,0.8571428571428571,True,2021.09.16.14.39.34_veh-42_01111_01448,1,1631804389.199903,587583.0763431909,4475692.443035358,587588.0003250305,4475689.850301227,1.0,0.1,0.875
920,b37e58b47596bc081,1.0,1.0,0.0,1.0,1.0,1.0,1.0,0.0,0.0,True,2021.09.16.16.20.27_veh-08_02435_02525,1,1631811848.199143,587493.0349654086,4475610.377996975,587477.2264285058,4475622.287819044,1.0,8.843536443208677e-14,0.0
921,bb64b91f09ac1d235,1.0,1.0,1.0,1.0,0.8278123528161392,1.0,1.0,1.0,0.9385044117200497,True,2021.08.30.16.16.44_veh-40_00779_01088,1,1630341159.500238,331644.0933743842,4690793.209970186,331664.8670784971,4690800.663128921,0.0,0.9806278607870709,0.8211913602550435
922,5e6df44031e160cad,1.0,0.0,0.5,1.0,1.0,0.0,0.0,1.0,0.0,True,2021.09.16.15.12.03_veh-42_01037_01434,1,1631806392.9996428,587585.3901537653,4475558.833394846,587582.3023792125,4475575.3572248,0.0,1.035237425471634e-07,0.0
923,d8d45144c24388dfb,1.0,0.0,1.0,1.0,1.0,1.0,0.0,1.0,0.0,True,2021.09.16.19.12.04_veh-42_00289_00398,1,1631820167.999814,589022.0071780042,4474742.388795726,589027.8995226714,4474698.393576638,1.0,0.7612643283296021,0.0
924,553cf28c0505a3ed6,1.0,1.0,1.0,1.0,0.2741652971486745,1.0,0.0,1.0,0.597916177553098,True,2021.08.16.14.23.37_veh-45_00015_00132,1,1629124021.9999518,589029.3254097995,4474679.905333905,589030.0730346226,4474675.7472157655,1.0,0.0,0.6481766553589607
925,95b104c6ad1c29b95,1.0,0.0,0.0,1.0,0.9252597134827486,1.0,0.0,1.0,0.0,True,2021.08.16.14.23.37_veh-45_00015_00132,1,1629124021.9999518,589022.2303968234,4474719.394492269,589028.2083256022,4474683.538616424,1.0,5.823312240530462e-83,0.0
926,c356f7c7a4dfada23,1.0,1.0,1.0,1.0,0.7942611894804782,1.0,0.0,1.0,0.7836647105287422,True,2021.10.06.07.26.10_veh-52_02208_02394,1,1633507574.1999419,365129.62717391335,144095.08493929278,365135.93722195807,144091.37397013884,1.0,4.969268580517397e-109,0.8107066217126494
927,07095ff9932043d86,0.0,1.0,1.0,1.0,1.0,0.0,0.0,1.0,0.0,True,2021.06.03.17.06.58_veh-35_02571_02742,1,1622757072.800535,664428.7940943642,3998359.7268660218,664428.9799014798,3998373.3400561432,1.0,0.08333333333333333,0.0
928,4e1acfe6d874f554d,1.0,1.0,1.0,1.0,0.8554691848316521,1.0,1.0,1.0,0.9483818517255901,True,2021.09.16.16.20.27_veh-08_02435_02525,1,1631811847.6994588,587478.9302222962,4475612.286452387,587476.2106101414,4475625.242686662,0.0,0.5867609268008012,0.8298341202598913
929,b4bb23be8c8b3c00e,1.0,1.0,1.0,1.0,0.7966585177600299,1.0,0.0,1.0,0.7845208992000108,True,2021.10.06.07.26.10_veh-52_00422_00728,1,1633505924.7000349,365431.3221611152,144290.0277180989,365406.7462760651,144310.76673675183,1.0,3.0380668404758756e-08,0.8114557868000094
930,bcdf9aeebdcada173,1.0,1.0,1.0,1.0,0.8050000905830269,1.0,0.0,1.0,0.7875000323510809,True,2021.09.29.14.44.26_veh-28_00337_00504,1,1632927209.799903,331041.3206062316,4690763.98703248,331061.12809493113,4690748.49123248,0.0,0.05263157894736842,0.6890625283071958
931,6a3bedd49247610ca,1.0,1.0,0.0,1.0,1.0,1.0,0.0,1.0,0.0,True,2021.09.29.19.02.14_veh-28_02451_02708,1,1632944719.799715,330940.4397525178,4690161.01090644,330931.11951976694,4690137.961241726,0.0,0.05,0.0
932,effa3c121b26ed3b5,0.0,0.0,1.0,1.0,1.0,0.0,1.0,1.0,0.0,True,2021.09.29.18.19.40_veh-28_00438_00833,1,1632940205.599778,331019.4918766217,4691180.173038879,331012.79437128996,4691177.002350911,1.0,0.5993335407514906,0.0
933,d02177dc313467bf7,1.0,0.0,0.0,1.0,1.0,1.0,0.0,1.0,0.0,True,2021.09.16.19.27.01_veh-45_01749_03230,1,1631822442.999637,587603.6693318421,4475942.6078569805,587626.4642733621,4475959.156528609,0.0,0.07142857142857142,0.0
934,7387fd37f78f3fd39,1.0,0.0,1.0,1.0,0.9072306222836235,1.0,1.0,1.0,0.0,True,2021.08.16.14.23.37_veh-45_00015_00132,1,1629124021.9999518,589025.4872836072,4474704.528922566,589029.2831210039,4474678.8773057135,1.0,9.335112282620785e-260,0.0
935,d5e47bbb90de1d48f,1.0,0.0,0.0,1.0,1.0,1.0,0.0,1.0,0.0,True,2021.09.16.19.27.01_veh-45_01749_03230,1,1631822442.999637,587612.7422166457,4475948.927021447,587631.0529956565,4475956.963779098,0.0,0.07142857142857142,0.0
936,d29fc0876909edc75,1.0,1.0,1.0,1.0,0.9010052312159089,1.0,1.0,1.0,0.9646447254342532,True,2021.09.16.16.20.27_veh-08_02435_02525,1,1631811848.199143,587479.0867945759,4475614.260645362,587475.8904316903,4475625.6944497125,0.0,0.0002662183706103569,0.8440641347549716
937,a8335bbfcf7c51cd5,1.0,1.0,1.0,1.0,0.8146441181984226,1.0,0.0,1.0,0.7909443279280081,True,2021.10.06.07.26.10_veh-52_00422_00728,1,1633505924.7000349,365431.87052183546,144290.40592357115,365406.443752775,144311.42605245314,0.0,3.976887341448985e-08,0.6920762869370071
938,f9a60116425308d57,1.0,1.0,0.0,1.0,1.0,1.0,0.0,1.0,0.0,True,2021.09.29.19.02.14_veh-28_02451_02708,1,1632944719.799715,330958.3169983393,4690190.541303922,330936.0740636857,4690149.326168491,1.0,0.05,0.0
939,7904bcffe314d0056,0.0,0.0,1.0,1.0,1.0,1.0,0.0,1.0,0.0,True,2021.09.16.19.27.01_veh-45_01749_03230,1,1631822975.4997919,588086.4426509865,4475470.836144071,588098.8761084098,4475448.239680038,0.0,2.2348429111206594e-07,0.0
940,a538a6acee46ef831,1.0,1.0,1.0,1.0,0.811608766324278,1.0,1.0,1.0,0.932717416544385,True,2021.10.06.07.26.10_veh-52_00422_00728,1,1633505925.199883,365442.35449886613,144278.60486993237,365413.1520337404,144305.72179488273,1.0,1.0841809678055873e-100,0.9411277394763369
941,ebf583743cf822ad6,1.0,1.0,1.0,1.0,1.0,1.0,0.0,1.0,0.8571428571428571,True,2021.09.16.19.49.00_veh-42_00990_01609,1,1631823439.000016,587731.6156497918,4475860.228600353,587697.3388680507,4475882.17359962,1.0,0.07692307692307693,0.875
942,85227ded294bb6273,1.0,1.0,1.0,1.0,0.7392807734896223,1.0,1.0,1.0,0.906885990532008,True,2021.09.16.16.20.27_veh-08_02435_02525,1,1631811847.6994588,587477.5017899929,4475620.417752965,587477.3517546385,4475628.160832739,1.0,2.3918569999039754e-28,0.918525241715507
943,1088e54d61d6c1c1a,0.5,0.0,0.5,1.0,0.9020432990985804,0.0,1.0,1.0,0.0,True,2021.06.03.12.02.06_veh-35_00233_00609,1,1622736827.501288,664206.5167835103,3997414.9733914556,664215.276039294,3997419.116579871,0.0,0.14285714285714285,0.0
944,f55f780bee7a572bb,1.0,0.0,0.5,1.0,1.0,1.0,1.0,1.0,0.0,True,2021.09.16.19.27.01_veh-45_00472_00711,1,1631820947.000062,588574.9836717031,4475651.086699522,588580.0793271941,4475611.106078772,0.0,1.0,0.0
945,b2a59535b3edfbc37,1.0,1.0,1.0,1.0,0.8921264558736155,1.0,1.0,1.0,0.9614737342405769,True,2021.09.16.19.12.04_veh-42_00289_00398,1,1631820167.999814,589022.4689622015,4474731.464712346,589027.463660864,4474694.564473696,1.0,9.50471090160905e-30,0.9662895174605048
946,75a91bdf0ba2aeea9,1.0,1.0,1.0,1.0,0.7979445585389635,1.0,0.0,1.0,0.7849801994782012,True,2021.10.06.08.16.17_veh-52_00181_00574,1,1633508613.2005038,365569.86094336666,144069.21591941777,365569.7946547958,144093.21750541846,0.0,0.058823529411764705,0.6868576745434261
947,3a181370dbfab5b1c,1.0,1.0,1.0,1.0,1.0,1.0,0.0,1.0,0.8571428571428571,True,2021.06.28.20.24.43_veh-38_03385_04952,1,1624916003.099648,664857.5297239339,3999605.742173662,664851.595164407,3999594.977174246,1.0,0.08333333333333333,0.875
948,5e5a2a6c7ddbfc092,1.0,0.0,1.0,1.0,0.9178156318769883,1.0,1.0,1.0,0.0,True,2021.10.06.08.16.17_veh-52_00181_00574,1,1633508613.2005038,365567.52387200354,144096.04439947664,365575.217255753,144104.51077356638,0.0,0.058823529411764705,0.0
949,5e4e80a50729b531a,1.0,1.0,1.0,1.0,0.5229170004704191,1.0,1.0,1.0,0.829613214453721,True,2021.09.29.19.02.14_veh-28_02451_02708,1,1632944719.799715,330934.242389631,4690143.174729812,330929.4821137121,4690133.85778474,0.0,0.05,0.725911562647006
950,86503ecf3c1b0f902,1.0,1.0,1.0,1.0,0.7830327863060771,1.0,1.0,1.0,0.9225117093950275,True,2021.09.16.19.27.01_veh-45_01749_03230,1,1631822975.999569,588098.928518099,4475445.141546989,588097.412735307,4475436.708344835,0.0,0.0,0.8071977457206491
951,2cc336777225529c2,1.0,1.0,1.0,1.0,1.0,1.0,0.0,1.0,0.8571428571428571,True,2021.10.06.07.26.10_veh-52_02208_02394,1,1633507574.7003539,365133.4567007988,144093.1203785028,365133.4671702916,144093.11117184183,1.0,0.0023795017628929016,0.875
952,d118da84ab5c39b69,1.0,1.0,1.0,1.0,0.7540932638899169,1.0,0.0,1.0,0.7693190228178276,True,2021.10.06.07.26.10_veh-52_01245_02064,1,1633507080.2000868,365187.2247247354,143564.71323845923,365178.3134161884,143541.5809706457,1.0,1.2629369236587486e-63,0.7981541449655991
953,ca8771e5e055dcfca,1.0,0.0,0.0,1.0,1.0,1.0,0.0,1.0,0.0,True,2021.09.29.19.02.14_veh-28_02451_02708,1,1632944719.2998989,330948.4638568532,4690164.1790093575,330932.83802320773,4690137.22515361,0.0,0.05,0.0
954,6d2b3bf21e89475b9,1.0,1.0,1.0,1.0,1.0,1.0,1.0,1.0,1.0,True,2021.09.16.14.39.34_veh-42_00297_00935,1,1631803774.699926,587614.1592347139,4475931.077706461,587624.5076439013,4475954.484254003,0.0,0.07142857142857142,0.875
955,b20b0b76f7991c89b,1.0,0.0,1.0,1.0,1.0,1.0,0.0,1.0,0.0,True,2021.10.06.07.26.10_veh-52_02208_02394,1,1633507574.1999419,365120.6958921645,144096.52310866158,365130.8620516698,144093.4345052358,1.0,4.3732107345791484e-05,0.0
956,2fde3a5e36412e1a9,1.0,0.0,0.0,1.0,1.0,1.0,1.0,1.0,0.0,True,2021.09.16.19.12.04_veh-42_00289_00398,1,1631820167.999814,589023.3977732972,4474711.816776455,589029.3134822184,4474683.564731982,1.0,0.0,0.0
957,429111d26e72d90ae,1.0,1.0,1.0,1.0,0.9072890833216866,1.0,1.0,1.0,0.9668889583291739,True,2021.06.03.17.06.58_veh-35_02571_02742,1,1622757072.800535,664428.2461663554,3998374.1104776063,664428.5504482151,3998378.3357326915,0.0,0.08333333333333333,0.8460278385380271
958,3365055ca32faadaa,1.0,0.0,0.5,1.0,0.9639110583415743,1.0,1.0,1.0,0.0,True,2021.09.16.13.53.10_veh-42_00180_00342,1,1631800743.900833,589076.4143471095,4474641.890477674,589090.8255606532,4474638.89991317,1.0,0.058823529411764705,0.0
959,f26e03767d82f4ae7,1.0,1.0,1.0,1.0,1.0,1.0,1.0,1.0,1.0,True,2021.09.29.14.44.26_veh-28_00337_00504,1,1632927209.799903,331065.15641194757,4690737.881585095,331065.16569414956,4690737.866640298,1.0,0.05263157894736842,1.0
960,89474c5ba034ced0c,1.0,1.0,1.0,1.0,0.5429590389910378,1.0,1.0,1.0,0.8367710853539421,True,2021.06.03.17.06.58_veh-35_02571_02742,1,1622757072.800535,664429.3826559477,3998377.435905753,664429.4151780966,3998380.9452995923,0.0,0.08333333333333333,0.7321746996846993
961,ada3a1a9a3d4dee81,1.0,1.0,1.0,1.0,1.0,1.0,1.0,1.0,1.0,True,2021.10.06.07.26.10_veh-52_01245_02064,1,1633507080.2000868,365195.2860899362,143585.07249430462,365179.7486081142,143549.34019656878,1.0,5.6403586766185865e-14,1.0
962,04c0d966a74c0c8e0,0.0,0.0,1.0,1.0,1.0,0.0,1.0,1.0,0.0,True,2021.09.29.18.19.40_veh-28_01268_01685,1,1632941223.59972,331412.2824566576,4690928.144945124,331377.6882222304,4690952.4770138515,1.0,1.7054446460193666e-21,0.0
963,ad537f45665843f16,1.0,1.0,1.0,1.0,0.33742829098207405,1.0,1.0,1.0,0.7633672467793122,True,2021.10.06.08.16.17_veh-52_01590_01725,1,1633509884.1999009,365789.09925431106,143348.50190612616,365789.0070635214,143354.3320620396,0.0,0.1111111111111111,0.6679463409318982
964,73b46033e2af4eb96,1.0,1.0,1.0,1.0,0.8261067423691667,1.0,0.0,1.0,0.7950381222747024,True,2021.06.28.20.24.43_veh-38_03385_04952,1,1624916002.599906,664854.6799098508,3999602.1739053205,664850.4902713496,3999593.2111982433,0.0,1.727206867464121e-202,0.6956583569903646
965,3fa85a7614a4df720,1.0,1.0,1.0,1.0,0.8440879465893341,1.0,0.0,1.0,0.8014599809247621,True,2021.09.16.14.39.34_veh-42_00297_00935,1,1631803775.200522,587620.2755017475,4475950.407402118,587628.2212397541,4475958.213802142,1.0,0.07142857142857142,0.8262774833091668
966,6c3a8a0290c8e05e9,0.0,1.0,1.0,1.0,1.0,0.0,1.0,1.0,0.0,True,2021.06.03.17.06.58_veh-35_02571_02742,1,1622757072.800535,664430.6826380948,3998361.6947659766,664430.356330301,3998375.092748536,0.0,0.08333333333333333,0.0
967,969a72274e20ef86e,0.0,0.0,1.0,1.0,0.5311567294648394,0.0,1.0,1.0,0.0,True,2021.09.16.19.27.01_veh-45_01749_03230,1,1631822975.4997919,588090.4301227388,4475451.382122612,588097.5616376102,4475442.554776026,0.0,2.2330334598885907e-116,0.0
968,bd2a4f1bdd5605e62,1.0,1.0,1.0,1.0,0.8111947152831037,1.0,0.0,1.0,0.7897123983153941,True,2021.10.06.07.26.10_veh-52_01245_02064,1,1633507080.2000868,365188.43118404946,143567.18464013204,365178.2804902391,143543.39187511793,1.0,6.183906812940089e-29,0.8159983485259699
969,e41845d0f5aba53e4,0.0,1.0,1.0,1.0,1.0,0.0,0.0,1.0,0.0,True,2021.06.28.20.24.43_veh-38_03385_04952,1,1624916003.099648,664867.3454856992,3999626.383154261,664855.9971120878,3999604.5624325443,1.0,0.08333333333333333,0.0
970,3271d4013cb715ce0,1.0,1.0,1.0,1.0,0.8173108969440728,1.0,0.0,1.0,0.7918967489085974,True,2021.09.16.13.53.10_veh-42_00180_00342,1,1631800743.900833,589053.7653323592,4474646.491452984,589081.5965794971,4474644.795424743,0.0,0.058823529411764705,0.6929096552950227
971,4f7b62e9ded399e3c,1.0,0.0,1.0,1.0,1.0,1.0,0.0,1.0,0.0,True,2021.09.16.19.12.04_veh-42_00289_00398,1,1631820167.999814,589026.4614806524,4474708.827425902,589029.475269251,4474684.786777495,0.0,0.0,0.0
972,b479708037b5c5d7c,1.0,1.0,1.0,1.0,0.756396186847055,1.0,1.0,1.0,0.9129986381596625,True,2021.06.03.12.02.06_veh-35_00233_00609,1,1622736827.501288,664209.2741250047,3997421.270055187,664215.0159033047,3997420.274411974,1.0,0.14285714285714285,0.9238738083897047
973,9a7f43d4720b544da,1.0,1.0,1.0,1.0,0.7355514300149456,1.0,1.0,1.0,0.9055540821481948,True,2021.06.28.20.24.43_veh-38_03385_04952,1,1624916003.099648,664853.8068661746,3999597.069164473,664850.0108253753,3999590.754627617,1.0,0.08333333333333333,0.9173598218796705
974,09eb15786b4c45a6b,1.0,0.0,1.0,1.0,0.7970365617323033,1.0,0.0,1.0,0.0,True,2021.09.29.19.02.14_veh-28_02451_02708,1,1632944719.2998989,330946.457372911,4690163.089342612,330931.18753104954,4690136.056439323,0.0,0.05,0.0
975,d2a3fa9bdd6ebc040,1.0,0.0,1.0,1.0,0.8448852133975163,1.0,1.0,1.0,0.0,True,2021.08.16.14.23.37_veh-45_00015_00132,1,1629124021.9999518,589023.8565392746,4474717.124127068,589028.2680100591,4474685.923944905,1.0,4.12100252993568e-31,0.0
976,b5c727c3b2286dfc5,1.0,0.0,0.0,1.0,0.9751552137045792,1.0,1.0,0.0,0.0,True,2021.09.16.19.27.01_veh-45_01749_03230,1,1631822975.999569,588083.2279826339,4475465.136535803,588098.534587196,4475444.8817631295,0.0,7.348977796695423e-240,0.0
977,17924fa146add877f,1.0,1.0,1.0,1.0,0.7729985379006022,1.0,1.0,1.0,0.9189280492502151,True,2021.09.29.19.02.14_veh-28_02451_02708,1,1632944719.2998989,330949.7868401427,4690171.186560528,330932.4334235925,4690140.360788636,1.0,0.05,0.9290620430939383
978,ff4cc095b1e90f672,1.0,1.0,1.0,1.0,0.8139626097371737,1.0,1.0,1.0,0.9335580749061335,True,2021.10.06.07.26.10_veh-52_00422_00728,1,1633505924.7000349,365438.69602620153,144283.881765467,365409.45743787935,144308.80748876333,0.0,1.2536469449130477e-50,0.8168633155428668
979,63aab11dd75c78ad2,1.0,1.0,1.0,1.0,1.0,1.0,1.0,1.0,1.0,True,2021.06.03.17.06.58_veh-35_02571_02742,1,1622757072.800535,664430.1919214447,3998372.53535452,664430.0796510964,3998379.914187986,1.0,0.08333333333333333,1.0
980,71965da4aff01d13c,0.0,0.0,1.0,1.0,0.9380650101081512,0.0,0.0,1.0,0.0,True,2021.09.16.13.53.10_veh-42_00180_00342,1,1631800743.400754,589061.9627601408,4474647.8665342415,589084.8156662382,4474644.56426115,1.0,4.995728941598014e-181,0.0
981,11f7a7f38a5e98d20,1.0,1.0,1.0,1.0,0.9395309184082521,1.0,0.0,1.0,0.8355467565743757,True,2021.09.16.19.12.04_veh-42_00289_00398,1,1631820167.999814,589022.8529350419,4474732.937597638,589028.4698239772,4474693.811713072,1.0,4.26747073349266e-46,0.8561034120025788
982,58a0f95c3ba9a97b9,1.0,1.0,1.0,1.0,0.989589872895906,1.0,0.0,1.0,0.8534249546056808,True,2021.10.06.07.26.10_veh-52_01245_02064,1,1633507080.700362,365194.9836243375,143583.06244795708,365181.154401381,143550.94692354498,1.0,0.5680699678614062,0.8717468352799707
983,393ebaed8cd47962e,1.0,0.0,1.0,1.0,0.8394771561502837,1.0,1.0,1.0,0.0,True,2021.09.16.14.39.34_veh-42_00297_00935,1,1631803775.200522,587609.2926395203,4475928.677716738,587622.3979515131,4475952.662540842,0.0,0.07142857142857142,0.0
984,7002b130242124367,1.0,1.0,1.0,1.0,1.0,1.0,1.0,1.0,1.0,True,2021.06.28.20.24.43_veh-38_03385_04952,1,1624916002.599906,664859.7088944907,3999608.0053461487,664853.5745422506,3999596.903192882,1.0,8.083949586066674e-56,1.0
985,842c77c109ef3215c,1.0,0.0,0.0,1.0,1.0,1.0,0.0,1.0,0.0,True,2021.10.06.07.26.10_veh-52_01245_02064,1,1633506717.1997628,365041.06992685306,143035.25195143174,365059.9788724971,143018.9280879216,0.0,3.311765741490433e-37,0.0
986,a30c17989141062af,1.0,0.0,0.0,1.0,1.0,1.0,0.0,1.0,0.0,True,2021.08.30.14.54.34_veh-40_00439_00835,1,1630336066.0001578,331737.794548189,4690915.97385451,331740.9621798147,4690930.933962663,1.0,7.311433675272517e-39,0.0
987,4cf3497675a6d22b9,1.0,1.0,0.5,1.0,0.9303702343349464,1.0,0.0,1.0,0.41613754184552615,True,2021.10.06.07.26.10_veh-52_01245_02064,1,1633506717.1997628,365049.8322126698,143026.77650990704,365063.3059662533,143015.92197247292,1.0,1.3145162451226198e-145,0.4266203491148354
988,65e1feb850bbe8c9b,1.0,1.0,0.0,1.0,1.0,1.0,0.0,1.0,0.0,True,2021.10.06.08.16.17_veh-52_00181_00574,1,1633508612.700299,365567.4296309647,144078.2817694459,365570.21976995084,144099.3757668224,0.0,0.9999924340557381,0.0
989,ae2bc6336b41077f4,1.0,1.0,0.5,1.0,0.9014307780035538,1.0,0.0,1.0,0.41096978178634885,True,2021.10.06.07.26.10_veh-52_01245_02064,1,1633506717.1997628,365052.2071712044,143025.29366319466,365062.4481332741,143016.0924930405,1.0,7.988949651513078e-117,0.42209855906305527
990,5d571e3d1a02ea00b,1.0,0.0,1.0,1.0,1.0,1.0,0.0,1.0,0.0,True,2021.09.16.19.12.04_veh-42_00289_00398,1,1631820167.499603,589022.3939574293,4474737.666915726,589028.2822532089,4474693.147184492,1.0,0.07812681659059303,0.0
991,6eed9aba87a865c93,0.0,1.0,1.0,1.0,1.0,0.0,0.0,1.0,0.0,True,2021.09.16.14.39.34_veh-42_01111_01448,1,1631804388.699858,587581.511326218,4475689.451345066,587586.9699572296,4475688.076952767,0.0,0.1,0.0
992,59af906a1320b6ea8,1.0,0.0,0.5,1.0,1.0,1.0,1.0,1.0,0.0,True,2021.09.16.14.39.34_veh-42_00032_00186,1,1631803358.199913,589329.2038732828,4473882.313788478,589346.0303461775,4473893.68108938,0.0,0.012241959338215282,0.0
993,3331cabab3946bf78,1.0,1.0,1.0,1.0,0.7639822111489878,1.0,1.0,1.0,0.9157079325532099,True,2021.09.29.19.02.14_veh-28_02451_02708,1,1632944719.799715,330951.86964840844,4690174.011868279,330934.54874127195,4690144.271587816,1.0,0.05,0.9262444409840587
994,ab96e33e9ab4e191b,0.5,0.0,0.0,1.0,1.0,0.0,0.0,1.0,0.0,True,2021.09.16.19.27.01_veh-45_01749_03230,1,1631822442.999637,587607.7686452783,4475940.693394394,587626.3637621433,4475957.65601623,0.0,0.07142857142857142,0.0
995,2dac2b9cae0ff11f8,1.0,1.0,0.5,1.0,1.0,1.0,0.0,1.0,0.42857142857142855,True,2021.09.16.14.39.34_veh-42_01111_01448,1,1631804389.199903,587582.0076917567,4475688.625973362,587587.2682344407,4475687.753243021,1.0,0.1,0.4375
996,1464f6e11d5c8c6d9,1.0,0.0,1.0,1.0,0.8928230822362287,1.0,0.0,1.0,0.0,True,2021.08.16.14.23.37_veh-45_00015_00132,1,1629124021.9999518,589022.8631872322,4474724.19834953,589028.3787140066,4474688.347525122,1.0,0.0007458193427324298,0.0
997,18f43a288ddc873cc,1.0,1.0,1.0,1.0,1.0,1.0,1.0,1.0,1.0,True,2021.09.16.13.53.10_veh-42_00077_00153,1,1631800604.399551,589345.5559513823,4473887.182964294,589345.8820002141,4473898.343170636,0.0,0.1,0.875
998,dda6b82566281cb83,1.0,1.0,1.0,1.0,0.8026733131695012,1.0,1.0,1.0,0.9295261832748218,True,2021.09.16.13.53.10_veh-42_00180_00342,1,1631800743.400754,589081.3256083353,4474645.302807281,589093.0667736372,4474640.021682909,0.0,0.7849851143553588,0.8133354103654691
999,bdefe051b162261a4,0.0,0.0,0.5,1.0,1.0,0.0,0.0,1.0,0.0,True,2021.09.29.18.19.40_veh-28_00438_00833,1,1632940206.099712,331028.6508288115,4691182.528290723,331014.0643234495,4691177.071878047,1.0,2.103863721840343e-10,0.0
1000,8b9e74d5a89159431,1.0,0.0,0.0,1.0,1.0,1.0,0.0,1.0,0.0,True,2021.09.29.19.02.14_veh-28_02451_02708,1,1632944719.2998989,330948.86022756685,4690165.457574813,330932.61351356143,4690138.081573588,1.0,0.05,0.0
1001,daae79609618606ae,1.0,1.0,1.0,1.0,1.0,1.0,0.0,1.0,0.8571428571428571,True,2021.10.06.07.26.10_veh-52_00006_00398,1,1633505271.7001848,364955.47053602344,143499.44484687148,364963.0863328993,143509.56903218746,0.0,2.7698830124109256e-186,0.75
1002,fc618b0134a5e9634,1.0,0.0,0.5,1.0,1.0,1.0,1.0,1.0,0.0,True,2021.09.16.14.39.34_veh-42_00032_00186,1,1631803358.199913,589330.230768494,4473882.524541511,589346.0306551689,4473894.397496549,0.0,3.381348582143983e-05,0.0
1003,7d8867cd2c80b0fd8,1.0,1.0,1.0,1.0,0.0,1.0,1.0,1.0,0.6428571428571429,True,2021.09.29.14.44.26_veh-28_01202_01296,1,1632927926.799834,331505.0048078353,4690820.191583578,331505.0036302857,4690820.190330634,1.0,1.771528370205825e-79,0.6875
1004,2526f4007f6477420,1.0,1.0,1.0,1.0,0.9012794326888584,1.0,1.0,1.0,0.964742654531735,True,2021.09.29.19.02.14_veh-28_02451_02708,1,1632944719.2998989,330961.42243616004,4690191.398157647,330936.9427046536,4690147.5411497755,1.0,0.05,0.9691498227152682
1005,e7d365382ac482e2f,0.0,1.0,1.0,1.0,1.0,0.0,1.0,1.0,0.0,True,2021.06.03.17.06.58_veh-35_02571_02742,1,1622757072.300323,664431.2276854685,3998363.61630199,664430.9886875132,3998376.267002566,0.0,0.08333333333333333,0.0
1006,7feb07f9028c8bf62,0.0,1.0,1.0,1.0,1.0,0.0,1.0,1.0,0.0,True,2021.06.03.17.06.58_veh-35_02571_02742,1,1622757072.800535,664428.8555039121,3998363.352888788,664429.0076447313,3998375.940530126,1.0,0.08333333333333333,0.0
1007,87e87ae4d5581f967,1.0,1.0,1.0,1.0,1.0,1.0,0.0,1.0,0.8571428571428571,True,2021.10.06.07.26.10_veh-52_01245_02064,1,1633506717.1997628,365050.57050186786,143025.51479682096,365063.63180417364,143015.03370048822,0.0,4.742567655609241e-171,0.75
1008,4fd56da0ff5065a4d,1.0,1.0,1.0,1.0,0.4765354727261924,1.0,1.0,1.0,0.8130483831164972,True,2021.09.16.19.12.04_veh-42_00289_00398,1,1631820167.999814,589027.197186584,4474699.956398398,589028.0536284156,4474686.504691491,0.0,1.5956278835689416e-301,0.7114173352269351
1009,2515a4049787b61ac,1.0,1.0,1.0,1.0,1.0,1.0,0.0,1.0,0.8571428571428571,True,2021.06.03.12.02.06_veh-35_00233_00609,1,1622736828.001318,664210.0027185993,3997421.5807780037,664219.1969653157,3997418.369708038,0.0,0.14285714285714285,0.75
1010,dbfdf8f55f68e448a,0.0,1.0,1.0,1.0,1.0,0.0,1.0,1.0,0.0,True,2021.09.16.15.12.03_veh-42_01037_01434,1,1631806393.4995148,587604.727503759,4475561.146162305,587584.3757849027,4475576.338820265,0.0,2.2079189444017096e-71,0.0
1011,1ba581b05f68a9417,0.0,0.0,0.0,1.0,1.0,0.0,1.0,1.0,0.0,True,2021.09.16.16.20.27_veh-08_02435_02525,1,1631811848.199143,587493.9416494351,4475601.52044164,587476.3291590216,4475617.0818029465,0.0,4.7853422199213e-118,0.0
1012,78910a88891eef166,1.0,1.0,0.5,1.0,1.0,1.0,0.0,1.0,0.42857142857142855,True,2021.09.16.19.27.01_veh-45_01749_03230,1,1631822442.999637,587624.4017408942,4475953.861067084,587635.1308638155,4475956.160275653,0.0,0.07142857142857142,0.375
1013,182b0871961fced6d,1.0,0.0,0.5,1.0,0.8828004393224768,1.0,1.0,1.0,0.0,True,2021.09.16.13.53.10_veh-42_00180_00342,1,1631800743.400754,589078.7768543904,4474642.367193387,589091.6221538262,4474638.358468262,1.0,2.4091988945609077e-11,0.0
1014,c70f1e01d8a8d58e0,1.0,1.0,1.0,1.0,0.9197565120217652,1.0,1.0,1.0,0.9713416114363448,True,2021.09.16.14.39.34_veh-42_00032_00186,1,1631803358.699646,589347.9447695313,4473890.469957457,589345.8117475281,4473901.299155096,0.0,0.0625,0.8499239100068017
1015,45904686e63c2b9a3,1.0,1.0,1.0,1.0,0.8625847027804637,1.0,1.0,1.0,0.95092310813588,True,2021.09.29.14.44.26_veh-28_01202_01296,1,1632927926.799834,331508.3853549188,4690824.276697409,331505.0036302857,4690820.190330634,1.0,1.771528370205825e-79,0.957057719618895
1016,e422b7a7bb9c41f95,0.0,1.0,1.0,1.0,1.0,0.0,1.0,1.0,0.0,True,2021.06.28.16.29.11_veh-38_03263_03766,1,1624901428.800276,664421.0530261892,3997340.2342638853,664424.7431034716,3997345.986794191,0.0,0.14285714285714285,0.0
1017,c92c8161fb36eab75,1.0,1.0,1.0,1.0,0.7752033648620726,1.0,0.0,1.0,0.7768583445935973,True,2021.06.28.20.24.43_veh-38_03385_04952,1,1624916003.099648,664854.0739321344,3999600.9304289855,664850.6591218419,3999593.6223922865,0.0,0.08333333333333333,0.6797510515193976
1018,058faf4c24ca33403,1.0,1.0,1.0,1.0,0.06654772936012948,1.0,1.0,1.0,0.6666241890571891,True,2021.09.29.14.44.26_veh-28_00337_00504,1,1632927209.299624,331066.9432663446,4690736.528680842,331066.97011901916,4690736.42604531,1.0,0.05263157894736842,0.7082961654250405
1019,7fda1bb28d64c96f0,1.0,0.0,1.0,1.0,1.0,1.0,0.0,1.0,0.0,True,2021.09.16.13.53.10_veh-42_01510_01591,1,1631802036.400076,588992.7885448802,4474783.130591042,588977.0850637316,4474811.902415186,0.0,0.14285714285714285,0.0
1020,b77eab715fa3e5a65,1.0,1.0,1.0,1.0,0.698710225438676,1.0,1.0,1.0,0.8923965090852414,True,2021.10.06.07.26.10_veh-52_00006_00398,1,1633505271.2003798,364947.6226840782,143491.96874166955,364957.6221523669,143503.19632021675,1.0,1.5919772984695034e-20,0.9058469454495862
1021,df67b662b2c444fa9,1.0,1.0,1.0,1.0,0.6429763039702083,1.0,1.0,1.0,0.8724915371322172,True,2021.09.29.18.19.40_veh-28_01268_01685,1,1632941224.099604,331376.4046173934,4690952.286590688,331365.35377068265,4690959.264881418,0.0,0.0,0.76343009499069
1022,95068a2e2c9c01e85,1.0,1.0,1.0,1.0,1.0,1.0,0.0,1.0,0.8571428571428571,True,2021.09.16.19.49.00_veh-42_00990_01609,1,1631823439.000016,587703.5231563448,4475878.5944605125,587690.9160333584,4475888.516844638,1.0,0.07692307692307693,0.875
1023,3ec4e62b471309805,1.0,1.0,1.0,1.0,1.0,1.0,0.0,1.0,0.8571428571428571,True,2021.10.06.07.26.10_veh-52_02208_02394,1,1633507574.7003539,365130.035562005,144094.87471597985,365135.9029683174,144091.3966882412,1.0,9.557126846832002e-38,0.875
1024,64680c5b6bd6a89e4,1.0,0.0,1.0,1.0,0.9389338832258131,1.0,0.0,1.0,0.0,True,2021.08.16.14.23.37_veh-45_00015_00132,1,1629124021.9999518,589026.5661231524,4474696.913768748,589030.3917870703,4474676.403271469,1.0,0.0,0.0
1025,78ff4a8811ea50019,0.0,1.0,1.0,1.0,1.0,0.0,1.0,1.0,0.0,True,2021.06.03.17.06.58_veh-35_02571_02742,1,1622757072.800535,664431.7616642361,3998361.3664824837,664431.1455699896,3998374.988594817,0.0,0.08333333333333333,0.0
1026,0ba1b091bdfec6628,1.0,1.0,1.0,1.0,1.0,1.0,1.0,1.0,1.0,True,2021.09.16.13.53.10_veh-42_00180_00342,1,1631800743.400754,589057.9725148593,4474647.171706487,589084.4676547643,4474644.26357015,0.0,6.229220132536372e-188,0.875
1027,ebfe50cfc0a46ef16,1.0,1.0,1.0,1.0,0.2680914828546613,1.0,0.0,1.0,0.595746958162379,True,2021.08.16.14.23.37_veh-45_00015_00132,1,1629124021.9999518,589030.9272950856,4474677.346498452,589030.8022964785,4474675.567625053,1.0,0.0,0.6462785883920816
